2
5
6
0
12
23
35
41
25
10
16
13
45
17
67
9
91
65
8
22
76
58
40
46
32
7
55
101
27
53
84
30
19
59
98
79
43
31
68
63
109
99
34
64
44
94
51
81
80
119
110
112
75
36
42
3
123
105
140
117
134
135
142
72
48
102
120
89
116
139
77
111
82
88
1
132
149
4
38
15
93
57
26
21
20
141
113
24
74
107
167
129
37
11
133
104
168
14
150
158
96
182
156
131
169
87
18
146
127
71
86
33
114
166
60
62
161
147
28
49
155
148
185
173
160
184
126
176
172
97
125
124
179
52
130
183
90
138
189
174
39
209
143
214
208
154
212
201
50
69
70
128
204
162
207
66
29
54
188
206
199
153
236
136
216
210
92
61
234
211
157
194
103
225
197
192
224
223
242
73
122
118
100
241
190
193
47
196
252
228
243
83
121
229
256
269
231
247
218
164
163
145
239
246
248
259
144
181
265
175
258
255
253
280
244
273
180
295
219
263
137
198
195
291
272
260
268
85
289
261
308
310
299
178
305
106
152
309
257
283
316
215
301
56
313
95
317
220
217
235
300
108
78
314
186
266
177
159
285
165
262
328
330
326
230
303
337
290
237
191
274
331
200
320
240
293
238
325
353
115
281
312
282
233
170
318
355
284
352
171
354
221
202
232
222
276
356
346
323
351
368
341
372
151
344
383
297
359
332
381
385
278
292
377
395
327
227
402
349
267
396
307
277
361
294
213
403
250
379
347
411
388
376
367
296
226
406
329
321
371
287
245
423
286
339
389
340
306
304
400
404
407
401
413
426
334
397
428
322
420
417
430
279
275
270
447
444
375
419
416
369
249
373
363
342
333
418
343
370
205
449
440
358
457
460
452
456
465
251
476
455
254
463
315
350
324
461
362
264
271
378
441
408
458
302
443
462
365
335
288
477
482
357
374
484
480
437
392
203
479
483
311
391
298
336
364
366
492
486
393
503
507
497
504
495
491
380
382
422
390
338
319
394
438
442
399
360
487
518
427
386
494
512
514
409
410
450
431
505
424
433
506
520
542
548
525
532
526
414
522
502
515
523
531
398
529
534
387
540
543
384
549
425
435
412
536
554
513
467
434
439
539
478
550
561
485
535
547
538
473
348
567
557
429
585
469
481
577
454
559
590
562
445
594
566
453
421
436
466
607
598
578
489
493
405
415
499
448
511
572
600
475
584
588
592
599
612
524
571
446
474
516
596
496
605
470
510
459
471
500
625
608
570
632
621
626
630
517
622
631
451
624
501
620
530
521
636
541
545
432
644
552
627
553
640
569
533
650
649
652
664
647
665
654
611
658
488
653
573
671
568
528
537
593
551
673
556
563
472
669
663
508
678
684
633
490
662
683
595
667
675
697
682
581
583
619
672
464
589
681
606
580
693
706
696
666
707
638
546
691
688
634
686
685
699
616
617
629
694
602
701
565
519
704
468
703
587
716
711
604
723
623
712
677
591
628
558
710
709
655
555
576
560
509
714
498
717
575
733
574
713
725
715
639
721
648
527
735
642
641
544
755
743
670
729
746
753
722
758
757
742
759
768
603
771
739
774
597
651
762
615
635
744
773
705
749
579
687
756
609
763
760
582
618
702
718
564
613
586
775
793
645
601
782
646
637
734
751
656
790
657
765
788
785
695
766
659
708
802
727
808
811
643
614
813
795
761
798
679
661
680
803
674
660
827
676
610
812
805
789
810
806
841
838
698
844
843
738
770
845
804
828
668
689
857
822
842
736
731
817
747
741
732
730
831
764
834
754
852
830
818
856
692
833
837
778
769
740
748
879
865
861
690
858
873
737
724
719
853
700
772
882
870
885
777
864
886
796
792
779
781
891
908
890
855
867
797
816
892
875
800
720
872
906
726
728
750
859
780
783
866
914
745
786
905
854
899
801
832
922
752
825
799
911
791
787
909
919
913
907
814
883
916
936
776
784
848
815
949
943
794
934
942
809
826
917
958
933
935
941
938
915
829
868
932
846
954
969
847
925
952
961
966
862
962
839
926
860
767
955
880
869
963
897
851
980
820
904
967
903
836
889
807
840
874
982
824
983
849
823
979
989
978
971
995
988
910
996
1005
1001
1004
878
850
894
893
973
835
1015
1020
884
987
821
1016
1012
895
1007
997
881
992
876
1018
1029
887
863
944
918
1011
923
1013
1035
896
1036
871
902
1042
1041
951
928
975
1051
901
957
927
1047
877
953
912
946
930
1065
937
1009
965
888
920
976
970
947
1067
994
960
819
968
1064
900
984
1003
1071
959
1025
974
1075
981
940
977
1070
898
929
924
1073
1023
1089
998
1080
1057
985
1076
1006
921
991
956
1094
1087
1081
1034
931
1043
1108
1105
948
1030
1049
1103
1021
1114
1112
1096
1125
950
1008
1061
1014
1102
972
939
1124
1133
945
1044
990
1010
1000
1017
1132
993
1026
1128
986
1121
1141
1002
1135
964
1120
1031
1053
1024
1028
1039
1140
999
1052
1152
1032
1158
1161
1156
1054
1038
1151
1165
1046
1033
1068
1086
1163
1019
1060
1048
1050
1091
1083
1084
1160
1088
1159
1169
1119
1107
1082
1129
1078
1172
1104
1058
1072
1175
1022
1100
1184
1098
1110
1109
1027
1079
1040
1178
1090
1063
1074
1055
1056
1066
1037
1106
1101
1099
1092
1204
1045
1062
1186
1219
1200
1093
1190
1077
1183
1189
1220
1214
1207
1095
1115
1197
1194
1196
1191
1208
1221
1211
1203
1145
1138
1122
1209
1166
1242
1118
1229
1213
1238
1134
1113
1130
1136
1123
1223
1111
1097
1241
1244
1069
1116
1260
1126
1261
1252
1254
1154
1251
1233
1226
1250
1239
1243
1258
1164
1188
1137
1262
1149
1131
1199
1187
1273
1146
1274
1281
1117
1275
1144
1174
1167
1232
1259
1139
1205
1177
1284
1267
1185
1162
1153
1280
1150
1181
1195
1290
1297
1202
1170
1182
1291
1299
1127
1155
1143
1192
1142
1147
1193
1296
1283
1173
1313
1168
1303
1227
1309
1300
1180
1212
1295
1222
1179
1318
1171
1328
1210
1148
1312
1329
1325
1206
1315
1218
1308
1304
1235
1327
1240
1322
1330
1352
1225
1217
1247
1276
1176
1216
1237
1336
1263
1357
1201
1359
1255
1198
1341
1277
1349
1354
1266
1285
1351
1265
1362
1288
1268
1293
1282
1271
1236
1355
1311
1249
1246
1305
1234
1245
1344
1257
1306
1379
1253
1383
1264
1272
1370
1398
1377
1278
1256
1224
1386
1269
1270
1364
1228
1376
1389
1397
1396
1230
1367
1402
1215
1380
1391
1384
1321
1310
1394
1323
1401
1404
1403
1415
1292
1399
1373
1409
1420
1331
1316
1416
1320
1346
1340
1419
1425
1422
1414
1437
1279
1317
1324
1431
1335
1438
1445
1429
1372
1432
1302
1435
1301
1442
1361
1455
1333
1326
1451
1338
1390
1453
1454
1353
1314
1464
1348
1446
1439
1366
1459
1342
1319
1444
1430
1462
1350
1375
1374
1392
1356
1465
1378
1294
1474
1286
1461
1369
1337
1473
1332
1298
1466
1334
1363
1382
1408
1413
1339
1499
1385
1423
1493
1418
1476
1482
1502
1381
1503
1487
1488
1441
1395
1475
1343
1411
1287
1506
1491
1483
1410
1428
1509
1365
1417
1508
1440
1358
1492
1518
1360
1400
1231
1368
1528
1387
1289
1498
1525
1426
1522
1447
1521
1347
1524
1516
1407
1539
1463
1449
1457
1427
1540
1510
1530
1434
1535
1443
1532
1448
1542
1433
1450
1452
1548
1345
1424
1543
1477
1537
1458
1538
1557
1456
1536
1469
1552
1563
1405
1470
1468
1561
1562
1371
1393
1412
1436
1550
1556
1574
1572
1519
1515
1564
1489
1560
1481
1472
1582
1573
1547
1580
1514
1592
1601
1584
1590
1559
1527
1591
1588
1609
1603
1606
1602
1587
1505
1495
1600
1501
1610
1388
1421
1480
1507
1616
1595
1523
1471
1460
1608
1623
1614
1497
1620
1617
1529
1496
1634
1615
1607
1622
1478
1526
1485
1467
1625
1517
1494
1504
1619
1636
1633
1627
1479
1631
1649
1406
1656
1533
1534
1512
1578
1549
1639
1546
1657
1554
1511
1570
1647
1604
1531
1651
1640
1645
1484
1658
1544
1653
1513
1669
1666
1661
1569
1565
1668
1581
1577
1568
1598
1688
1654
1671
1555
1681
1586
1593
1575
1684
1599
1678
1613
1558
1571
1566
1553
1576
1691
1672
1545
1675
1486
1520
1583
1692
1618
1663
1700
1500
1690
1541
1711
1567
1676
1490
1612
1720
1721
1660
1677
1579
1706
1605
1727
1719
1685
1726
1718
1713
1646
1585
1716
1735
1725
1611
1628
1742
1722
1705
1743
1687
1732
1589
1752
1708
1674
1643
1755
1699
1650
1664
1750
1635
1644
1637
1724
1741
1624
1638
1749
1763
1693
1648
1759
1733
1665
1757
1747
1770
1695
1642
1753
1680
1748
1731
1670
1652
1667
1701
1621
1765
1662
1641
1786
1712
1790
1683
1787
1746
1789
1659
1698
1629
1679
1777
1768
1673
1797
1756
1655
1630
1781
1697
1694
1696
1796
1689
1773
1597
1704
1760
1632
1717
1709
1812
1707
1596
1804
1806
1769
1626
1736
1686
1818
1785
1827
1775
1745
1828
1762
1703
1714
1800
1801
1819
1793
1715
1791
1838
1829
1754
1723
1810
1840
1837
1729
1850
1682
1772
1728
1744
1771
1854
1740
1710
1823
1734
1784
1814
1807
1852
1737
1767
1816
1833
1738
1779
1830
1739
1835
1851
1780
1782
1836
1886
1877
1766
1764
1844
1880
1855
1862
1878
1751
1895
1869
1761
1864
1857
1896
1871
1702
1883
1758
1792
1875
1809
1811
1881
1861
1865
1899
1890
1805
1842
1802
1817
1730
1783
1911
1778
1803
1794
1879
1893
1920
1826
1922
1924
1923
1903
1918
1926
1928
1888
1919
1774
1914
1938
1930
1795
1898
1824
1931
1934
1808
1874
1906
1927
1935
1915
1822
1846
1889
1951
1870
1825
1939
1950
1932
1953
1913
1839
1907
1947
1885
1908
1872
1847
1916
1942
1788
1929
1956
1834
1969
1832
1946
1799
1815
1798
1884
1866
1848
1941
1974
1887
1882
1813
1845
1984
1948
1841
1961
1983
1868
1988
1990
1892
1949
1991
1970
1997
1936
1959
1867
1910
1904
1859
1853
1863
1843
1820
1776
1995
1955
1973
1909
1891
1860
1976
1831
1821
1849
2016
1858
1873
1856
1897
2019
1876
1958
2013
2029
2027
2025
1943
1921
2032
1925
2039
2045
2041
1900
2018
1894
1905
2040
2046
1977
1937
1967
2047
2007
2005
2054
2030
1957
1980
1912
1901
1933
1979
2008
1971
1982
1954
2066
1994
2024
2021
2036
1985
1989
1902
2014
2033
2068
2042
2048
1975
2077
2004
1972
2043
2035
2044
2079
2075
2080
1987
2001
1986
2081
1945
2088
1978
2087
2092
2094
2026
2063
1968
2055
2072
1965
2096
1917
2108
1952
2069
2110
2022
1944
2038
2070
2003
2089
2057
1963
1966
1999
2114
2009
2020
1962
1940
2034
2017
2031
1992
2028
2112
2104
2060
2073
2000
2118
2119
2074
2116
1964
2128
2127
1993
1996
2049
2135
2095
2139
2132
2143
2082
2134
2059
2117
2065
2058
2136
2122
2071
2083
2037
2064
2023
2067
2150
1981
2052
2124
2084
2151
2102
2137
2141
2090
2051
2006
2012
2157
2002
2011
2177
2147
2109
2056
2181
2097
2091
2171
2106
2186
2163
2115
2155
2126
2178
2149
2188
2125
2086
2145
2165
2194
2201
2200
2140
2199
2131
2152
2113
2179
2208
2107
2159
2169
2187
2099
2123
2121
2175
2170
2207
2098
2133
2180
2138
2105
2156
2205
2153
2183
2120
2206
2093
2158
2144
2085
2214
2202
2227
2182
2236
2129
2142
2215
2213
1998
2229
2168
2203
2223
2061
2243
2161
2176
2062
2174
2146
2222
2247
2248
2258
2230
2103
2256
2228
2234
2148
2154
2130
2225
2111
2239
2173
2195
2270
2164
2264
2185
2266
2240
2254
2278
2249
2193
2162
2053
2271
1960
2184
2216
2269
2261
2283
2253
2076
2197
2100
2263
2275
2267
2196
2242
2209
2189
2078
2294
2015
2285
2010
2050
2251
2298
2211
2235
2286
2166
2192
2232
2160
2190
2255
2297
2308
2303
2287
2315
2212
2304
2311
2293
2309
2191
2312
2217
2233
2313
2318
2198
2218
2332
2221
2167
2326
2172
2302
2204
2331
2268
2246
2277
2245
2336
2226
2289
2340
2238
2333
2301
2252
2244
2346
2224
2272
2241
2274
2319
2210
2220
2280
2260
2369
2284
2296
2364
2219
2259
2370
2231
2334
2374
2322
2300
2378
2250
2276
2328
2391
2393
2381
2310
2281
2339
2237
2273
2388
2397
2257
2295
2360
2330
2401
2279
2282
2290
2363
2305
2337
2341
2327
2324
2342
2320
2306
2265
2350
2345
2408
2380
2299
2344
2375
2351
2359
2390
2316
2321
2407
2358
2411
2352
2421
2417
2348
2429
2418
2262
2314
2292
2426
2335
2399
2398
2400
2338
2291
2442
2419
2446
2368
2441
2428
2361
2377
2382
2365
2371
2366
2409
2343
2437
2357
2405
2458
2413
2460
2453
2379
2404
2353
2372
2459
2373
2323
2410
2395
2362
2472
2325
2389
2447
2355
2386
2376
2451
2414
2427
2470
2392
2396
2317
2288
2425
2431
2434
2488
2469
2465
2484
2385
2477
2354
2455
2464
2307
2479
2402
2367
2356
2433
2486
2415
2501
2495
2412
2485
2508
2394
2504
2403
2511
2430
2491
2384
2516
2513
2500
2521
2475
2466
2515
2416
2423
2383
2509
2456
2439
2422
2444
2432
2443
2440
2435
2387
2498
2493
2487
2450
2406
2497
2445
2532
2530
2554
2547
2510
2558
2550
2520
2531
2533
2473
2463
2559
2457
2438
2347
2566
2420
2555
2525
2436
2454
2502
2561
2462
2499
2461
2538
2424
2568
2448
2489
2452
2527
2569
2577
2482
2481
2545
2480
2467
2583
2567
2598
2600
2557
2560
2523
2505
2571
2537
2476
2607
2564
2522
2494
2601
2474
2528
2563
2606
2478
2506
2507
2535
2609
2512
2503
2608
2591
2549
2529
2542
2562
2536
2541
2490
2611
2597
2483
2573
2518
2519
2492
2620
2534
2514
2539
2471
2496
2632
2526
2618
2468
2588
2586
2605
2635
2524
2641
2621
2640
2551
2517
2584
2642
2657
2622
2578
2574
2653
2662
2582
2543
2617
2634
2665
2633
2619
2587
2659
2678
2585
2594
2540
2682
2580
2589
2544
2599
2576
2570
2553
2680
2661
2627
2565
2639
2590
2648
2690
2672
2644
2650
2655
2628
2626
2664
2552
2654
2686
2679
2660
2616
2637
2603
2595
2671
2647
2669
2592
2615
2674
2694
2581
2631
2593
2579
2556
2610
2716
2643
2630
2546
2624
2548
2572
2673
2706
2658
2613
2710
2725
2699
2649
2614
2727
2575
2721
2738
2623
2731
2677
2636
2701
2612
2744
2718
2688
2717
2651
2652
2625
2705
2675
2666
2629
2740
2757
2668
2692
2704
2758
2656
2767
2741
2747
2645
2756
2604
2698
2714
2734
2663
2687
2720
2748
2638
2681
2719
2737
2772
2753
2667
2771
2742
2703
2752
2763
2785
2646
2793
2775
2700
2755
2761
2736
2750
2695
2796
2803
2707
2685
2787
2728
2782
2783
2770
2794
2790
2746
2768
2683
2754
2715
2702
2689
2711
2733
2788
2693
2697
2724
2778
2807
2795
2819
2802
2670
2766
2751
2713
2723
2712
2676
2830
2722
2743
2759
2691
2729
2708
2804
2812
2765
2844
2831
2735
2816
2814
2786
2791
2709
2833
2726
2696
2684
2764
2776
2827
2840
2823
2730
2842
2851
2801
2843
2826
2834
2769
2837
2836
2835
2870
2874
2867
2806
2749
2852
2781
2854
2860
2739
2798
2774
2856
2777
2858
2884
2873
2732
2875
2879
2838
2805
2810
2872
2848
2857
2893
2760
2855
2779
2877
2745
2883
2868
2908
2773
2905
2797
2853
2808
2912
2882
2789
2869
2784
2903
2762
2898
2914
2902
2897
2865
2829
2900
2917
2889
2906
2919
2800
2894
2825
2799
2817
2841
2927
2924
2881
2821
2916
2876
2845
2929
2863
2909
2940
2846
2915
2913
2813
2864
2811
2815
2792
2948
2832
2878
2954
2859
2953
2849
2943
2820
2958
2928
2822
2930
2942
2966
2941
2818
2945
2971
2862
2957
2887
2885
2880
2886
2991
2964
2904
2979
2809
2961
2871
2891
2850
2989
2899
2937
2986
2992
2981
2911
2973
2901
2847
2982
2997
2985
2918
2995
2888
2921
2892
2896
2890
3009
2965
3010
2980
3011
2931
2828
3003
3016
2861
3000
3012
2910
2925
3001
2933
2920
2996
2974
3008
2983
2994
3023
3032
2824
2866
3044
3036
3021
3034
2839
3028
3046
3040
3037
3033
2932
2907
2984
3020
2962
2895
2972
2926
2946
3054
3053
2944
2938
2977
3052
2978
3064
3057
2976
3049
2952
3058
2939
2934
2950
3047
2968
3072
3071
2975
2987
3051
3073
3070
2922
2969
2935
2949
2956
3077
3075
2990
2936
3086
3038
2967
2951
2963
3069
2955
2947
2988
3068
3018
2993
3005
2970
3002
3079
3015
3083
3100
3098
2998
3093
3095
3096
2959
3103
3102
3114
3013
3121
3025
3101
2999
3017
3030
2960
3116
3109
3112
3035
3118
3123
3019
3004
3076
3039
3006
3126
3139
3029
3026
3065
3122
3111
3043
3041
3007
3048
3063
3149
3050
3130
3059
3154
3140
3131
3061
3031
3014
3144
3042
3024
3055
3045
3067
3094
3097
3080
3090
3156
3163
3165
3060
3088
3162
3166
3178
3135
3078
3027
3084
3147
3066
3152
3074
3085
3089
3119
3187
3106
3179
3120
3186
3188
3142
3132
3197
3110
3099
3105
3141
3124
3194
3192
3092
3091
3202
3189
3182
3158
3203
3199
3133
3146
3145
3113
3104
3087
3205
3022
3213
3081
3128
3117
3216
3161
3107
3108
3155
3127
3159
3172
3129
3212
3222
3136
3062
3218
3170
3167
3125
3238
3237
3217
3220
3115
3246
3228
3137
3153
3241
3236
3138
3151
3249
3157
3150
3229
3233
3243
3134
3148
3245
3227
3143
3253
3259
3247
3261
3185
3175
3257
3204
3254
3173
3279
3176
3280
3274
3266
3183
3275
3248
3181
3169
3196
3160
3258
3211
3252
3208
3267
3271
3284
3269
3230
3180
3287
3193
3190
3221
3223
3277
3281
3200
3191
3308
3207
3206
3231
3306
3210
3283
3302
3184
3215
3177
3224
3214
3291
3195
3304
3225
3232
3262
3164
3301
3234
3305
3282
3171
3240
3174
3226
3323
3250
3168
3310
3290
3255
3219
3328
3317
3239
3235
3264
3251
3201
3327
3273
3209
3335
3242
3345
3198
3326
3256
3268
3244
3347
3270
3324
3355
3272
3340
3278
3263
3360
3343
3356
3368
3286
3351
3316
3320
3321
3299
3334
3348
3344
3309
3373
3294
3341
3322
3358
3260
3372
3357
3366
3307
3375
3288
3365
3293
3369
3350
3311
3387
3265
3378
3292
3319
3392
3276
3297
3409
3285
3407
3312
3402
3397
3332
2923
3389
3379
3359
3399
3385
3298
3415
3303
3295
3405
3313
3289
3406
3300
3412
3315
3384
3361
3414
3421
3325
3336
3296
3430
3408
3423
3428
3370
3434
3338
3333
3416
3426
3435
3420
3394
3349
3353
3331
3440
3346
3445
3418
3425
3442
3329
3447
3422
3318
3456
3364
3448
3401
3443
3404
3458
3472
3476
3354
3362
3376
3449
3410
3470
3400
3367
3342
3464
3377
3383
3374
3386
3483
3461
3398
3380
3352
3339
3337
3363
3413
3417
3381
3330
3393
3485
3390
3382
3391
3482
3471
3473
3314
3424
3403
3490
3427
3411
3495
3474
3444
3506
3512
3491
3475
3451
3492
3459
3511
3454
3388
3481
3396
3395
3436
3531
3534
3500
3429
3535
3533
3462
3541
3503
3455
3487
3437
3496
3460
3545
3438
3480
3419
3549
3548
3450
3516
3551
3457
3467
3446
3465
3553
3463
3552
3550
3513
3527
3521
3468
3562
3478
3518
3559
3453
3477
3452
3441
3522
3525
3431
3433
3530
3528
3486
3578
3567
3576
3540
3536
3575
3494
3580
3546
3556
3469
3593
3573
3585
3571
3542
3499
3507
3515
3493
3498
3599
3605
3570
3489
3479
3584
3586
3602
3505
3582
3564
3557
3591
3565
3508
3517
3555
3590
3592
3581
3607
3579
3623
3537
3594
3621
3510
3627
3631
3488
3502
3601
3558
3633
3538
3543
3638
3620
3614
3617
3630
3560
3566
3641
3520
3544
3598
3574
3561
3568
3635
3612
3484
3639
3653
3529
3654
3587
3637
3519
3645
3509
3625
3497
3504
3624
3659
3646
3523
3664
3466
3663
3539
3524
3670
3501
3665
3661
3649
3632
3628
3609
3672
3595
3660
3642
3572
3577
3673
3666
3583
3674
3679
3569
3693
3656
3680
3554
3698
3597
3685
3675
3677
3700
3622
3650
3701
3600
3603
3718
3715
3563
3608
3606
3588
3596
3703
3643
3719
3640
3692
3626
3611
3634
3610
3619
3615
3667
3618
3695
3688
3696
3651
3690
3655
3723
3657
3613
3721
3697
3678
3636
3725
3733
3644
3629
3731
3647
3616
3739
3671
3691
3724
3713
3714
3687
3755
3658
3742
3747
3748
3741
3750
3761
3547
3757
3746
3752
3736
3686
3758
3652
3604
3762
3694
3759
3774
3768
3676
3773
3648
3780
3708
3745
3772
3767
3514
3751
3769
3702
3782
3790
3775
3777
3734
3783
3781
3787
3785
3668
3681
3669
3788
3689
3800
3699
3801
3716
3789
3683
3732
3729
3720
3799
3786
3740
3743
3684
3704
3728
3813
3809
3726
3709
3814
3711
3807
3793
3811
3706
3771
3749
3707
3812
3827
3662
3727
3821
3717
3818
3808
3810
3832
3722
3816
3829
3705
3831
3828
3710
3712
3840
3766
3833
3822
3838
3823
3819
3756
3839
3834
3764
3860
3830
3817
3738
3856
3854
3779
3843
3855
3737
3879
3867
3754
3797
3730
3871
3763
3744
3876
3858
3826
3857
3848
3735
3753
3869
3884
3863
3796
3872
3765
3770
3784
3803
3798
3805
3794
3889
3776
3901
3792
3895
3904
3868
3873
3903
3897
3760
3890
3878
3866
3910
3913
3778
3883
3911
3916
3893
3844
3918
3806
3820
3891
3836
3907
3909
3849
3852
3845
3917
3902
3924
3842
3933
3791
3815
3824
3914
3935
3853
3847
3804
3944
3930
3862
3947
3837
3934
3952
3850
3802
3825
3941
3920
3795
3875
3846
3835
3958
3938
3881
3960
3851
3959
3864
3892
3915
3948
3877
3966
3946
3973
3954
3976
3961
3900
3899
3908
3912
3975
3977
3970
3882
3841
3861
3972
3967
3905
3859
3956
3985
3896
3945
3990
3986
3974
3923
3921
3926
3953
3932
3865
3999
3950
3992
3931
3991
3995
3870
3927
3936
3880
3886
3983
3887
3988
3874
4008
3894
3885
3939
3940
4011
3898
4022
4017
3929
3906
3987
4010
3994
3888
4032
4030
3955
4014
4009
4039
4021
4033
4031
4024
3951
3925
4036
4023
4044
3968
3943
4038
4040
4037
4045
3949
4013
3919
4053
3964
3980
3993
4047
4057
3969
4002
4051
4056
4055
4050
3963
4003
3957
4054
3971
4058
4000
3979
3996
3984
4059
4001
3962
4063
3937
4065
3942
4061
3997
4064
4069
3982
4062
4083
4087
4066
4094
4074
4088
4080
4027
3989
4085
4090
3981
4034
4092
4101
3928
4093
4102
4089
4107
4006
4005
4105
4004
4098
4114
4119
4049
4127
4125
4019
4026
4012
4035
4118
4112
4122
4129
4134
4131
4029
4079
4082
4043
4028
4086
4007
3998
4078
4070
4138
4136
4016
4147
4149
4099
4145
4097
4073
4142
4150
4132
4041
4155
4137
4111
4071
4133
4015
3978
4018
4163
4160
4172
4166
4048
4081
4076
4158
4100
4153
4106
4176
4060
4173
4068
4025
4164
4126
4067
4171
4103
4117
4121
4052
4180
4192
4091
4109
4110
4189
4196
4151
4143
4178
4104
4201
4195
4135
4205
4096
4115
4139
4203
4204
4020
4108
4075
4095
4077
4072
4193
4144
4128
4120
4130
4220
4212
4209
4214
4226
4186
4213
4156
4154
4218
4169
4225
4211
4227
4140
4113
4152
4224
4230
4084
4236
4116
4162
4232
4222
4123
4223
4237
4228
4167
4216
4168
4199
4187
4239
4200
4215
4161
4141
4233
4188
4242
4247
4243
4241
4179
4184
4266
4174
4165
4260
4124
4270
4170
4197
4190
4198
4277
4278
4261
4159
4157
4271
4275
4280
4279
4182
4251
4175
4194
4210
4257
4235
4256
4263
4148
4217
4146
4183
4291
4262
4254
4296
4208
4249
4305
4207
4302
4307
4229
4309
4314
4181
4177
4311
4185
4299
4221
4219
4312
4285
4303
4240
4310
4315
4306
4313
4292
4231
4238
4316
4244
4298
4300
4323
4319
4191
4293
4320
4328
4248
4295
4246
4206
4334
4253
4343
4336
4322
4282
4264
4273
4330
4288
4259
4255
4234
4345
4245
4332
4297
4276
4265
4250
4329
4284
4371
4360
4346
4252
4368
4362
4361
4367
4269
4331
4351
4372
4267
4287
4335
4333
4308
4286
4369
4290
4258
4348
4339
4281
4350
4268
4301
4274
4289
4294
4283
4356
4375
4358
4376
4357
4384
4327
4390
4399
4389
4326
4377
4359
4304
4340
4388
4318
4272
4370
4411
4387
4364
4417
4393
4407
4395
4324
4406
4418
4379
4392
4401
4344
4325
4353
4317
4385
4373
4394
4342
4436
4428
4438
4363
4337
4419
4383
4354
4446
4355
4378
4432
4321
4451
4414
4347
4437
4338
4403
4449
4441
4398
4380
4341
4454
4450
4442
4430
4464
4459
4391
4468
4467
4404
4448
4453
4461
4381
4397
2101
4349
4374
4352
4462
4473
2596
4386
4445
4420
3371
4402
4484
4485
4396
4382
4487
4496
3082
4500
4483
4042
1307
4481
4408
4489
4495
4434
4503
4499
4410
4416
4409
4405
4439
4440
4429
4366
4415
2780
4501
4497
4424
4435
3056
4509
4433
4456
1551
4469
4422
345
1059
4412
4443
4522
1594
4431
4519
4413
4528
4400
4421
4540
4545
4529
4365
4531
4423
4447
4518
4543
4425
4544
4511
4444
4552
4542
4536
4534
3589
4480
1085
4556
4548
4550
4532
4551
4562
4479
4565
4471
4427
4426
4549
4541
4577
4560
4563
4574
4566
4564
4575
4580
4478
4465
4455
4576
4466
4493
4492
4452
4571
4474
4458
4477
4491
4569
4514
4494
4515
4488
4587
4498
4516
4588
4586
4579
4463
4504
4470
4475
4460
4476
4602
4539
4513
4555
4553
4517
4490
4505
4595
4527
4572
4604
4507
4603
4506
4605
4546
4510
4526
4568
4472
4597
4600
4596
4601
4533
4617
4612
4623
4508
4537
4524
4637
4621
4520
4570
4512
4615
4627
4457
4482
4629
4486
4502
4521
4538
4622
4525
4626
4530
4633
4523
4557
4636
4620
4660
4558
4547
4654
4591
4663
4653
4659
4656
4650
4592
4672
4641
4651
4655
4670
4677
4666
4646
4680
4681
4657
4608
4674
4669
4675
4554
4567
4664
4671
4679
4678
4606
4686
4535
4684
4697
4559
4561
4648
4688
4689
4609
4616
4699
4584
4628
4598
4618
4614
4638
4630
4590
4578
4701
4706
4611
4705
4709
4717
4613
4594
4639
4589
4585
4723
4593
4719
4668
4708
4716
4625
4715
4727
4735
4730
4599
4712
4643
4739
4644
4696
4740
4738
4733
4635
4736
4685
4640
4698
4725
4631
4734
4745
4667
4676
4661
4724
4710
4647
4744
4690
4607
4731
4749
4754
4610
4582
4692
4765
4756
4720
4662
4711
4573
4649
4773
4632
4645
4774
4750
4658
4768
4581
4755
4652
4767
4752
4624
4759
4619
4694
4673
4695
4691
4806
4726
4775
4770
4781
4743
4742
4804
4792
4810
4786
4762
4700
4702
4801
4682
4683
4784
4814
4718
4805
4642
4665
4787
4757
4791
4815
4817
4808
4776
4803
4790
4693
4809
4797
4793
4811
4714
4785
4728
4707
4834
4713
4764
4832
4732
4838
4789
4751
4704
4828
4687
4837
4722
4778
4824
4822
4836
4721
4818
4737
4849
4826
4827
4852
4855
4829
4861
4782
4729
4753
4854
4869
4839
4845
4760
4859
4860
4769
4868
4798
4795
4882
4746
4884
4878
4835
4763
4863
4747
4741
4889
4872
4876
4796
4703
4867
4879
4883
4807
4865
4848
4780
4846
4897
4900
4896
4842
4748
4843
4821
4909
4904
4898
4895
4830
4812
4899
4901
4813
4920
4823
4921
4919
4840
4844
4847
4779
4924
4853
4771
4802
4800
4783
4816
4777
4788
4772
4926
4923
4794
4917
4758
4820
4885
4922
4831
4799
4766
4938
4857
4833
4927
4944
4825
4856
4819
4761
4874
4880
4928
4851
4858
4841
4941
4850
4954
4953
4890
4939
4940
4875
4887
4866
4946
4864
4957
4873
4870
4945
4966
4916
4950
4877
4905
4902
4971
4892
4911
4969
4871
4893
4881
4906
4894
4862
4958
4968
4980
4990
4989
4888
4987
4984
4975
4903
4977
5001
4999
5012
4978
4910
4891
5004
4995
4951
4918
4912
4930
5010
4914
5003
4942
4961
4992
4997
4960
4947
4934
4993
5009
4935
5013
4925
4936
4932
4907
4943
4964
5002
5007
4994
5020
4965
5026
4933
4913
4915
5038
5029
5019
4929
5036
5032
5017
5033
4948
4952
4956
5039
5045
4972
4955
5043
4908
5028
4967
4973
4886
4976
5054
4959
5047
5060
5061
5063
5044
4937
5037
5081
5057
5077
5067
5080
4998
4979
4983
4931
5075
5011
5046
4982
4988
5056
5040
4986
5005
4974
4996
5062
5078
4949
5073
5070
5093
4985
5072
5055
5085
4970
5091
5068
4963
4981
5103
5051
5050
5098
5035
5074
5105
5027
5110
5113
5064
5123
5119
5022
4962
5125
5094
5120
5087
5024
5128
4991
5106
5015
5016
5018
5021
5083
5071
5031
5000
5100
5102
5108
5135
5014
5079
5126
5042
5049
5130
5145
5116
5137
5008
5152
5121
5150
5133
5052
5023
5048
5065
5076
5158
5157
5140
5159
5154
5165
5053
5156
5146
5090
5141
5162
5099
5096
5006
5066
5178
5059
5082
5101
5187
5088
5174
5095
5184
5183
5058
5030
5161
5115
5142
5163
5160
5089
5143
5131
5173
5166
5107
5117
5149
5189
5041
5172
5188
5177
5112
5181
5193
5216
5111
5122
5191
5200
5148
5210
5203
5195
5069
5092
5198
5196
5185
5227
5214
5136
5211
5207
5127
5226
5220
5118
5197
5097
5194
5228
5237
5202
5084
5129
5218
5248
5246
5245
5208
5086
5241
5190
5138
5104
5109
5243
5114
5250
5254
5169
5219
5259
5258
5134
5151
5168
5132
5176
5251
5171
5235
5025
5272
5155
5255
5276
5213
5270
5182
5278
5204
5124
5139
5262
5267
5277
5288
5153
5225
5240
5186
5286
5192
5199
5242
5290
5179
5201
5304
5205
5180
5300
5292
5295
5282
5302
5229
5274
5297
5261
5164
5144
5170
5209
5311
5217
5289
5175
5147
5305
5247
5222
5316
5293
5325
5329
5232
5239
5249
5236
5315
5323
5256
5231
5317
5215
5334
5330
5252
5312
5335
5253
5224
5260
5336
5230
5331
5244
5238
5328
5320
5322
5266
5351
5307
5343
5327
5319
5324
5263
5353
5301
5365
5359
5265
5338
5233
5206
5360
5333
5344
5167
5257
5306
5376
5383
5349
5368
5299
5221
5348
5212
5366
5223
5384
5389
5377
5354
5386
5379
5269
5234
5385
5298
5271
5275
5296
5400
5281
5284
5388
5287
5291
5391
5268
5355
5279
5370
5392
5363
5285
5399
5264
5283
5280
5412
5419
5345
5413
5294
5393
5371
5310
5273
5361
5397
5421
5424
5318
5374
5426
5425
5410
5357
5401
5347
5436
5364
5422
5411
5444
5420
5378
5308
5432
5303
5453
5356
5340
5339
5337
5403
5314
5454
5313
5342
5434
5441
5438
5381
5445
5321
5362
5443
5309
5450
5437
5431
5446
5449
5326
5451
5372
5402
5457
5382
5341
5472
5387
5475
5350
5474
5462
5480
5452
5408
5332
5469
5486
5458
5461
5496
5497
5455
5499
5414
5433
5430
5476
5428
5468
5398
5409
5505
5492
5380
5493
5465
5375
5346
5390
5407
5511
5514
5484
5515
5519
5396
5416
5447
5369
5429
5373
5522
5507
5404
5352
5394
5512
5520
5530
5435
5490
5460
5503
5506
5423
5415
5477
5358
5367
5395
5516
5542
5517
5521
5405
5538
5479
5440
5427
5418
5536
5535
5551
5406
5459
5560
5478
5540
5489
5518
5566
5448
5417
5541
5442
5539
5531
5546
5564
5463
5473
5554
5556
5527
5549
5500
5568
5523
5502
5525
5570
5485
5495
5534
5509
5575
5543
5582
5487
5491
5456
5576
5544
5572
5550
5563
5508
5529
5482
5592
5562
5604
5594
5558
5613
5488
5565
5605
5481
5513
5580
5533
5466
5464
5501
5439
5614
5526
5589
5553
5504
5524
5599
5622
5573
5626
5629
5588
5611
5510
5612
5608
5483
5601
5590
5598
5584
5635
5636
5571
5619
5470
5645
5649
5581
5545
5467
5646
5615
5656
5653
5618
5630
5625
5617
5664
5537
5652
5666
5607
5557
5548
5665
5654
5659
5586
5669
5661
5567
5494
5616
5643
5678
5595
5552
5528
5555
5642
5569
5561
5609
5574
5624
5623
5667
5648
5668
5690
5471
5602
5691
5600
5593
5532
5697
5547
5701
5696
5689
5577
5610
5585
5597
5596
5583
5579
5686
5679
5591
5578
5498
5672
5674
5631
5657
5660
5710
5685
5702
5709
5670
5711
5727
5606
5559
5632
5698
5651
5736
5715
5712
5734
5587
5638
5647
5628
5743
5620
5744
5731
5658
5717
5640
5722
5754
5732
5750
5755
5739
5644
5729
5639
5621
5650
5627
5634
5637
5725
5633
5663
5746
5749
5673
5760
5763
5603
5745
5767
5766
5768
5687
5706
5684
5764
5742
5655
5677
5676
5641
5699
5740
5782
5788
5705
5680
5783
5774
5675
5662
5681
5694
5695
5770
5671
5790
5777
5756
5733
5793
5771
5753
5776
5758
5805
5798
5703
5791
5692
5682
5816
5781
5773
5821
5779
5810
5683
5815
5797
5720
5707
5716
5804
5726
5827
5800
5785
5818
5825
5762
5747
5838
5787
5831
5824
5735
5751
5832
5693
5719
5823
5830
5795
5820
5724
5846
5704
5844
5713
5847
5714
5765
5792
5834
5737
5718
5849
5833
5842
5728
5862
5759
5780
5836
5778
5752
5688
5859
5812
5748
5708
5723
5841
5864
5807
5837
5757
5730
5857
5840
5881
5870
5872
5772
5845
5775
5794
5803
5854
5741
5873
5700
5896
5890
5761
5869
5867
5786
5738
5814
5879
5721
5784
5880
5799
5897
5769
5886
5877
5903
5789
5909
5826
5822
5895
5900
5893
5917
5905
5912
5914
5901
5801
5809
5819
5926
5910
5937
5876
5813
5935
5927
5861
5850
5921
5835
5839
5860
5852
5940
5924
5930
5942
5829
5828
5923
5811
5931
5933
5953
5948
5941
5954
5874
5851
5863
5853
5943
5865
5817
5885
5843
5796
5936
5878
5888
5950
5939
5808
5973
5949
5962
5947
5979
5858
5975
5964
5966
5883
5960
5958
5965
5855
5970
5967
5976
5892
5918
5995
5868
5983
5806
5999
5866
5848
5997
5907
5968
5988
5980
5990
5978
5928
5856
5882
5891
6000
5887
5929
5802
6005
5875
5938
5902
5898
6011
5899
5991
5944
5904
5913
5906
5996
5916
5871
5951
5946
6020
5932
5919
6025
6029
6010
5894
5920
6030
6034
6032
6038
6036
5922
6022
6039
5977
5884
6014
6019
5911
5934
5945
5952
6027
6033
6003
5985
6024
6037
6026
5908
6042
6035
6059
6051
6049
6060
6062
6050
6046
6031
5987
6064
6063
6074
6044
5994
6072
6068
5925
6086
5982
6083
6075
5984
6090
5915
6071
5963
6084
5961
5956
6081
6085
5959
6094
6096
6079
6097
5957
6099
5986
5981
6088
6091
6100
6018
6007
6015
6009
6106
6101
6102
6093
6095
5998
5992
5971
6111
6021
6105
5989
6115
6043
6118
5969
6119
6120
6110
6128
6123
6040
5974
6121
6017
6055
5955
6130
6012
6117
6008
6056
6140
5972
6078
6061
6053
6148
6016
6076
6041
6144
6150
6149
6152
6069
6132
6047
6013
6158
6065
6073
6006
6103
5993
6057
6163
6172
6174
6113
6089
6175
6171
6141
6070
6157
6170
6166
6098
6182
6160
6177
6116
6162
6161
6131
6185
6080
6052
6077
6001
6058
6023
6082
6067
6048
6159
6114
6191
6126
6002
6194
6004
6188
6199
6176
6195
6179
6151
6066
6210
6189
6186
6214
6200
6198
6124
6204
6196
6139
6197
6215
6109
6092
6218
6108
6104
6122
6226
6211
6235
6134
6107
6045
6135
6028
6222
6232
6167
6169
6246
6240
6154
6221
6242
6213
6138
6173
6153
6164
6147
6054
6241
6146
6180
6143
6237
6253
6255
6127
6133
6254
6193
6137
6125
6129
6183
6251
6136
6112
6178
6258
6257
6256
6208
6274
6145
6252
6168
6250
6244
6142
6187
6292
6280
6283
6248
6262
6277
6285
6275
6293
6206
6155
6272
6297
6260
6165
6270
6207
6278
6231
6271
6184
6219
6300
6264
6302
6299
6298
6216
6205
6276
6203
6156
6314
6217
6230
6224
6238
6303
6307
6313
6228
6284
6212
6320
6311
6305
6247
6220
6234
6330
6239
6328
6273
6335
6236
6325
6201
6308
6243
6249
6317
6301
6312
6333
6339
6329
6347
6202
6223
6227
6318
6282
6267
6259
6352
6353
6336
6192
6295
6281
6229
6233
6340
6362
6294
6269
6363
6348
6372
6291
6357
6332
6279
6261
6310
6376
6322
6265
6365
6315
6375
6319
6190
6374
6379
6331
6346
6369
6338
6245
6266
6377
6381
6373
6181
6288
6209
6401
6396
6378
6391
6323
6337
6343
6406
6394
6368
6392
6268
6289
6225
6407
6388
6411
6296
6263
6306
6412
6287
6418
6327
6427
6395
6419
6350
6309
6413
6408
6404
6402
6393
6349
6345
6428
6389
6415
6416
6385
6405
6424
6397
6398
6290
6439
6438
6380
6435
6286
6344
6409
6356
6430
6334
6324
6442
6355
6359
6351
6366
6444
6361
6321
6326
6403
6454
6437
6360
6451
6425
6456
6440
6383
6341
6358
6436
6457
6316
6474
6304
6452
6464
6364
6382
6446
6485
6466
6450
6420
6455
6479
6370
6489
6367
6342
6462
6433
6480
6441
6477
6386
6432
6387
6447
6449
6482
6399
6487
6371
6515
6472
6469
6516
6431
6490
6493
6354
6514
6496
6513
6423
6509
6443
6417
6497
6523
6484
6495
6434
6499
6533
6471
6445
6421
6532
6534
6384
6504
6390
6448
6400
6461
6468
6463
6426
6541
6527
6547
6517
6453
6414
6531
6483
6481
6552
6429
6522
6559
6473
6539
6561
6557
6486
6475
6545
6538
6560
6478
6467
6556
6518
6460
6422
6470
6505
6410
6465
6577
6537
6584
6476
6566
6459
6592
6502
6588
6488
6507
6594
6558
6535
6590
6525
6500
6573
6521
6494
6501
6542
6458
6540
6548
6520
6512
6503
6529
6519
6568
6589
6498
6491
6506
6565
6605
6613
6508
6528
6597
6553
6511
6617
6530
6625
6628
6615
6609
6492
6546
6536
6623
6603
6551
6618
6635
6624
6630
6575
6571
6627
6619
6585
6579
6510
6582
6599
6543
6602
6526
6636
6648
6639
6622
6649
6544
6640
6555
6600
6524
6564
6654
6653
6655
6621
6578
6586
6651
6664
6674
6643
6616
6658
6554
6569
6673
6676
6679
6570
6672
6614
6661
6681
6591
6668
6683
6687
6596
6690
6583
6684
6680
6644
6670
6611
6563
6598
6562
6549
6581
6697
6638
6574
6647
6696
6705
6626
6620
6610
6576
6688
6567
6608
6604
6595
6593
6587
6710
6717
6701
6637
6706
6694
6601
6633
6712
6699
6719
6708
6735
6606
6607
6730
6645
6709
6711
6657
6634
6726
6632
6733
6612
6725
6665
6667
6737
6729
6736
6631
6751
6753
6739
6572
6752
6745
6663
6693
6704
6692
6659
6750
6652
6660
6718
6700
6650
6764
6741
6757
6756
6773
6702
6761
6775
6777
6686
6778
6707
6723
6763
6748
6734
6770
6629
6789
6731
6784
6727
6675
6776
6642
6797
6715
6793
6740
6746
6662
6792
6682
6791
6713
6801
6796
6722
6720
6656
6798
6641
6646
6804
6802
6800
6671
6714
6812
6666
6744
6758
6738
6689
6816
6749
6678
6747
6755
6829
6724
6743
6826
6742
6716
6695
6780
6774
6754
6762
6769
6840
6821
6768
6759
6835
6771
6823
6677
6817
6832
6691
6698
6844
6827
6839
6788
6760
6790
6815
6820
6847
6845
6850
6846
6703
6685
6669
6728
6851
6852
6864
6867
6732
6848
6854
6842
6862
6872
6721
6783
6766
6875
6794
6799
6878
6772
6782
6795
6785
6856
6786
6886
6814
6779
6877
6803
6828
6831
6870
6883
6809
6879
6881
6813
6889
6895
6888
6887
6836
6909
6897
6825
6885
6807
6819
6765
6767
6824
6900
6810
6806
6894
6916
6913
6912
6811
6893
6906
6920
6849
6901
6833
6899
6914
6929
6892
6924
6930
6818
6805
6896
6928
6939
6822
6837
6926
6911
6925
6841
6932
6941
6855
6871
6931
6944
6902
6907
6923
6781
6866
6943
6787
6948
6876
6937
6869
6953
6808
6958
6838
6945
6934
6949
6868
6955
6917
6957
6962
6972
6861
6884
6971
6969
6982
6858
6960
6843
6981
6988
6921
6994
6987
6830
6908
6918
6890
6996
6950
6922
6983
6986
6974
6863
6857
6860
6873
6834
6880
6882
6997
7004
6935
6927
6995
6898
7008
6859
6865
7003
6946
7020
6853
7006
6933
6891
6970
6903
7012
7022
6999
6910
7028
6976
6905
7019
7023
7032
7035
6915
6951
6936
6985
7031
6956
7026
6973
7001
7039
7011
7045
7048
7040
6963
7052
7034
6904
6874
6919
7042
6954
6938
6952
7059
7061
6989
7038
6990
7054
7060
7046
7055
7063
7050
6964
7076
6993
7070
7005
7009
6975
7058
6977
7069
6991
7079
7082
7013
7074
6978
7065
6942
7017
7088
7080
6940
7000
6984
7067
7089
6967
7081
7021
7100
7092
6980
7010
7086
7027
7098
6961
2602
6959
7049
7037
7103
7030
7078
7057
7025
6947
7112
7101
7071
7044
7033
7018
7029
7051
6965
7125
7002
7115
7124
7072
6968
7007
6979
7118
7117
7047
7056
7024
7093
7126
7064
7136
7110
7111
7131
7119
7116
7127
7130
7149
7134
7016
7087
7135
7097
7091
7066
7160
7036
7062
7147
7107
7095
7153
7077
7083
7144
7068
6992
6966
7041
7148
7015
7140
6998
7084
7096
7137
7099
7138
7146
7156
7053
7114
7073
7165
7102
7167
7177
7174
7155
7181
7106
7014
7176
7169
7128
7094
7075
7152
7157
7172
7105
7090
7196
7132
7109
7202
7203
7142
7141
7161
7085
7178
7213
7179
7104
7168
7108
7223
7199
7189
7211
7227
7193
7113
7129
7180
7133
7219
7210
7209
7216
7224
7139
7122
7150
7212
7241
7238
7159
7145
7123
7154
7242
7158
7186
7192
7228
7173
7188
7244
7255
7171
7201
7253
7256
7191
7183
7200
7120
7184
7220
7185
7166
7187
7194
7206
7245
7170
7261
7204
7190
7265
7198
7205
7270
7250
7267
7197
7249
7264
7258
7214
7271
7251
7288
7266
7207
7143
7286
7195
7226
7231
7293
7225
7302
7281
7295
7236
7311
7243
7282
7300
7301
7298
7276
7208
7254
7299
7239
7232
7294
7259
7234
7277
7307
7296
7321
7164
7315
7306
7313
7285
7320
7221
7121
7287
7308
7235
7237
7246
7268
7319
7230
7229
7252
7328
7316
7318
7218
7233
7182
7217
7248
7273
7331
7323
7292
7334
7290
7222
7291
7260
7269
7329
7247
7240
7274
7279
7262
7278
7257
7162
7348
7347
7326
7310
7365
7343
7358
7355
7341
7346
7369
7284
7297
7272
7385
7263
7374
7345
7367
7381
7283
7289
7378
7350
7377
7280
7340
7359
7303
7317
7304
7335
7309
7387
7388
7397
7394
7314
7393
7399
7275
7327
7396
7405
7324
7403
7410
7401
7333
7305
7370
7424
7419
7338
7423
7322
7417
7351
7422
7373
7339
7431
7409
7412
7336
7330
7384
7352
7332
7432
7337
7344
7356
7382
7364
7406
7325
7342
7366
7361
7441
7438
7428
7452
7349
7455
7353
7354
7439
7453
7368
7357
7380
7362
7427
7415
7425
7363
7462
7376
7446
7443
7407
7312
7371
7400
7386
7360
7475
7390
7413
7466
7408
7411
7383
7375
7437
7474
7402
7391
7481
7477
7486
7430
7392
7372
7379
7389
7468
7479
7395
7454
7470
7478
7498
7420
7467
7043
7473
7480
7404
7414
7509
7416
7398
7436
7505
7483
7524
7500
7495
7514
7469
7521
7496
7434
7444
7449
7501
7528
7490
7448
7442
7426
7440
7532
7429
7458
7535
7450
7457
7482
7421
7507
7541
7459
7523
7461
7530
7485
7445
7506
7525
7451
7516
7555
7433
7472
7465
7476
7561
7484
7435
7559
7487
7531
7491
7566
7570
7456
7539
7572
7573
7553
7560
7565
7563
7488
7508
7503
7471
7579
7520
7526
7562
7513
7527
7542
7551
7515
7587
7580
7547
7512
7556
7504
7569
7534
7518
7581
7589
7584
7460
7550
7464
7536
7558
7583
7597
7497
7418
7499
7546
7493
7596
7606
7618
7537
7522
7517
7510
7554
7615
7494
7621
7574
7489
7576
7557
7611
7625
7623
7604
7511
7463
7502
7533
7492
7626
7601
7593
7620
7567
7592
7610
7594
7633
7627
7519
7543
7602
7529
7629
7545
7650
7635
7651
7642
7585
7634
7637
7548
7665
7538
7603
7648
7447
7643
7624
7647
7609
7614
7549
7578
7544
7552
7540
7564
7600
7666
7577
7654
7662
7657
7586
7571
7582
7590
7622
7670
7661
7640
7612
7631
7694
7646
7653
7686
7641
7684
7673
7591
7575
7668
7689
7649
7698
7630
7639
7636
7700
7706
7695
7709
7598
7638
7715
7711
7645
7655
7568
7607
7660
7699
7707
7708
7714
7692
7713
7701
7632
7677
7724
7717
7721
7703
7722
7672
7734
7616
7644
7687
7617
7730
7628
7691
7652
7656
7736
7599
7729
7605
7613
7727
7748
7696
7704
7738
7683
7588
7702
7678
7675
7758
7759
7757
7659
7747
7732
7619
7693
7710
7751
7773
7756
7680
7763
7663
7752
7682
7667
7676
7750
7674
7779
7754
7775
7769
7720
7745
7778
7781
7755
7765
7787
7705
7669
7725
7771
7723
7768
7791
7785
7800
7728
7789
7690
7718
7688
7741
7679
7802
7806
7671
7742
7795
7719
7733
7816
7809
7812
7784
7813
7740
7746
7749
7797
7726
7697
7685
7716
7712
7731
7792
7664
7808
7764
7820
7822
7805
7760
7827
7830
7770
7743
7744
7828
7777
7681
7761
7833
7841
7840
7799
7834
7856
7739
7823
7810
7774
7786
7831
7829
7767
7811
7790
7857
7814
7801
7865
7783
7859
7845
7782
7855
7735
7737
7853
7844
7869
7866
7864
7872
7776
7875
7888
7819
7874
7876
7825
7803
7878
7793
7766
7753
7796
7807
7861
7882
7892
7832
7898
7826
7762
7772
7817
7881
7896
7788
7880
7838
7909
7911
7902
7815
7846
7877
7891
7794
7906
7905
7837
7886
7824
7818
7873
7780
7821
7804
7894
7835
7848
7849
7921
7928
7798
7915
7860
7870
7933
7934
7935
7847
7862
7867
7836
7916
7926
7887
7852
7908
7940
7927
7942
7949
7952
7946
7868
7884
7851
7955
7959
7960
7966
7912
7885
7858
7948
7900
7879
7961
7899
7889
7962
7923
7964
7893
7883
7982
7963
7970
7969
7913
7930
7922
7951
7974
7947
7977
7975
7907
7910
7917
7991
7903
7854
7918
7920
7987
7842
7978
7932
7904
7945
7871
7901
7988
8003
7850
7995
7925
7994
7953
7937
7863
8006
7938
7897
7939
8002
8007
8009
7996
7890
7979
8020
7954
8011
7999
7919
8000
7972
7914
7950
8028
8026
7931
7943
8018
7895
8019
7968
7941
8036
8023
8016
8014
8038
7971
7924
8030
7967
8013
7957
7981
7976
7984
8029
8041
7985
8055
8051
7973
7993
8053
8005
8045
7929
8054
8010
7944
8037
8069
7936
8065
7986
7958
7956
8056
8071
8049
8077
8063
8058
8076
7998
8027
8032
8022
8061
8075
8094
8035
8073
7965
8095
8068
8033
8081
7980
8025
8015
8098
7997
8017
8040
8059
8084
8039
8091
8111
8092
8050
8106
8089
8046
8062
8099
8064
8052
8001
7983
8117
8112
8086
8124
7990
8104
8128
8008
8125
7989
8083
8060
8118
8072
8067
8031
8090
8140
8138
8080
8047
8143
8078
8087
8123
8139
8145
8021
8132
8024
8109
8082
8137
8048
8042
8097
8096
8066
8144
8044
8079
8043
8012
8034
8088
8126
8135
8151
8119
8134
8161
8158
8093
8169
8136
8176
8156
8157
8165
8130
7992
8167
8147
8173
8004
8183
8164
8159
8102
8177
8186
8179
8191
8121
8115
8127
8110
8149
8131
8057
8120
8192
8175
8122
8195
8105
8107
8070
8085
8103
8074
8171
8100
8178
8116
8101
8114
8188
8184
8215
8201
8199
8218
8185
8108
8152
8168
8155
8148
8196
8205
8204
8150
8153
8189
8181
8162
8154
8197
8133
8228
8193
8217
8240
8113
8238
8231
8229
8251
8160
8222
8230
8248
8219
8225
8129
8224
8142
8236
8214
8220
8166
8250
8187
8203
8198
8174
8265
8268
8180
8256
8207
8259
8208
8190
8226
8211
8206
8260
8245
8273
8212
8272
8141
8146
8182
8170
8264
8221
8271
8258
8243
8247
8239
8200
8232
8194
8278
8210
8163
8266
8283
8270
8213
8296
8249
8246
8172
8233
8216
8281
8286
8202
8284
8262
8276
8282
8310
8312
8306
8280
8289
8302
8275
8237
8285
8255
8242
8241
8318
8263
8290
8293
8209
8303
8253
8244
8252
8330
8257
8254
8319
8307
8295
8235
8347
8340
8234
8333
8313
8325
8308
8261
8305
8291
8223
8326
8301
8336
8300
8331
8341
8327
8315
8365
8274
8311
8351
8309
8353
8269
8359
8368
8362
8367
8267
8277
8373
8350
8372
8279
8304
8287
8298
8292
8297
8299
8358
8355
8385
8382
8288
8387
8317
8342
8335
8374
8346
8337
8379
8369
8386
8390
8399
8380
8376
8343
8316
8407
8314
8363
8371
8406
8370
8412
8410
8419
8339
8329
8323
8349
8344
8404
8352
8364
8408
8294
8392
8321
8383
8338
8328
8320
8324
8413
8361
8416
8434
8417
8357
8334
8427
8345
8432
8348
8429
8381
8378
8450
8440
8332
8389
8445
8428
8424
8415
8431
8453
8394
8454
8459
8402
8436
8455
8448
8377
8356
8457
8395
8437
8388
8444
8400
8469
8401
8435
8366
8451
8464
8375
8393
8472
8470
8398
8478
8473
8474
8411
8466
8384
8484
8462
8465
8420
8391
8460
8492
8482
8456
8425
8480
8496
8439
8438
8458
8397
8426
8488
8500
8423
8418
8491
8360
8502
8490
8447
8483
8403
8510
8409
8497
8422
8498
8516
8414
8475
8421
8430
8494
8405
8517
8396
8354
8511
8518
8501
8534
8442
8537
8526
8441
8538
8471
8528
8485
8527
8433
8543
8550
8489
8524
8552
8449
8477
8539
8467
8495
8542
8499
8547
8548
8446
8486
8536
8481
8546
8476
8549
8553
8565
8452
8487
8463
8493
8443
8567
8557
8468
8551
8479
8512
8508
8461
8563
8561
8519
8515
8575
8541
8521
8581
8568
8513
8570
8583
8564
8514
8584
8590
8582
8558
8585
8588
8509
8560
8606
8503
8505
8593
8609
8594
8545
8600
8587
8535
8605
8533
8595
8556
8529
8618
8598
8523
8610
8544
8624
8625
8525
8620
8506
8507
8573
8504
8604
8522
8599
8559
8532
8530
8531
8614
8634
8617
8576
8621
8629
8632
8566
8589
8578
8574
8569
8652
8638
8654
8647
8580
8640
8646
8661
8637
8627
8659
8554
8571
8555
8664
8591
8648
8579
8657
8562
8572
8665
8592
8608
8669
8679
8662
8682
8687
8673
8691
8678
8597
8690
8692
8675
8671
8586
8607
8616
8623
8612
8681
8688
8602
8694
8695
8689
8603
8656
8642
8644
8628
8615
8649
8709
8696
8643
8635
8577
8601
8713
8636
8622
8619
8710
8693
8639
8641
8717
8645
8630
8723
8712
8683
8611
8705
8716
8724
8626
8613
8596
8728
8699
8726
8703
8735
8731
8737
8718
8676
8674
8677
8684
8651
8739
8747
8666
8631
8725
8746
8750
8660
8685
8751
8757
8752
8758
8697
8700
8714
8755
8653
8655
8633
7843
8772
8658
8769
8650
8698
8777
8672
8708
8784
8786
8668
8667
8663
8720
8783
8740
8680
8787
8780
8729
8706
8741
8715
8778
8736
8790
8788
8789
8730
8734
8707
8761
8759
8701
8760
8702
8791
8721
8738
8722
8704
8794
8732
8795
8733
8727
8744
8804
8806
8749
8797
8816
8711
8805
8815
8814
8745
8792
8753
8719
8767
8820
8822
8748
8827
8756
8833
8831
8821
8743
8775
8826
8834
8774
8839
8843
8838
8844
8765
8766
8762
8845
8781
8763
8842
8754
8852
8773
8841
8779
8764
8848
8742
8858
8796
8859
8856
8853
8850
8860
8865
8771
8867
8874
8857
8871
8768
8803
8879
8807
8881
8782
8813
8875
8811
8798
8808
8809
8812
8800
8793
8799
8876
8889
8785
8832
8887
8835
8802
8819
8770
8899
8886
8894
8828
8898
8877
8892
8882
8903
8823
8907
8896
8884
8897
8824
8909
8801
8817
8918
8910
8895
8830
8837
8825
8880
8829
8926
8924
8890
8920
8863
8904
8922
8847
8917
8906
8911
8927
8936
8836
8854
8872
8849
8885
8935
8942
8846
8941
8855
8923
7151
8933
8946
8952
8851
8818
8937
8908
8947
8893
8963
8870
8954
8953
8914
8869
8888
8883
8868
8916
8943
8861
8956
8878
8944
8957
8862
8810
8873
8969
8864
8901
8983
8979
8977
8965
8776
8932
8986
8928
8955
8905
8840
8891
8972
8987
8967
8980
8925
8902
8973
8981
8991
8930
9005
9008
9012
8934
8984
8995
8866
8938
8940
8974
8915
8971
8968
8999
8929
8945
8992
8931
8939
8951
8921
8913
8949
9026
9023
8919
9007
8960
9010
9019
8959
8900
8912
8990
9001
9024
8966
8948
9028
8964
9031
9044
9041
8988
8989
9009
8975
9037
9029
9040
9025
8962
8961
8993
8996
9015
9027
9052
8950
9039
9058
9056
9002
8978
9030
9046
9064
9063
8998
8976
9065
9003
9073
9034
9032
9057
9055
9000
8985
9076
9011
8958
9082
9095
9081
9004
9006
9083
9014
9042
8994
9047
9017
9045
9097
8982
9092
9053
9036
9079
9090
9067
9016
9038
9100
9101
9022
9043
9033
9107
9109
9050
9103
9075
9048
9070
9021
9068
9072
9051
9035
9114
9122
9091
9121
9060
9013
9062
9066
9118
9071
9054
9130
9110
9126
9106
9080
9077
9098
9138
9078
9020
9074
9018
9049
8997
9129
9144
9120
9112
9069
9142
9087
9085
9124
9125
9089
9061
9152
9157
9155
9096
9160
9153
9162
9136
8970
9158
9145
9166
9172
9164
9093
9088
9094
9154
9133
9132
9149
9163
9148
9183
9084
9150
9156
9165
9102
9113
9176
9174
9179
9187
9189
9108
9196
9115
9195
9059
9159
9111
9210
9208
9105
9104
9123
9205
9206
9099
9215
9086
9213
9143
9117
9127
9211
9197
9223
9182
9188
9146
9134
9131
9225
9222
9128
9116
9137
9151
9161
9169
9214
9207
9224
9204
9227
9175
9192
9220
9139
9119
9140
9141
9250
9245
9216
9249
9194
9178
9229
9235
9190
9167
9257
9251
9231
9147
9177
9184
9199
9185
9260
9239
9267
9234
9265
9248
9181
9243
9261
9258
9255
9170
9200
9171
9270
9264
9262
9274
9253
9263
9135
9191
9279
9285
9232
9218
9290
9209
9293
9180
9217
9230
9193
9286
9268
9246
9300
9275
9289
9236
9280
9173
9291
9237
9302
9186
9272
9306
9198
9168
9202
9242
9278
9212
9221
9203
9201
9317
9316
9318
9283
9282
9322
9305
9233
9226
9259
9326
9315
9308
9288
9332
9323
9228
9238
9256
9331
9314
9240
9348
9247
9349
9241
9309
9298
9328
9284
9345
9281
9338
9341
9271
9324
9362
9358
9363
9356
9276
9342
9344
9295
9303
9369
9294
9254
9353
9368
9312
9361
9340
9339
9273
9343
9357
9374
9307
9383
9252
9310
9325
9297
9384
9379
9292
9321
9320
9346
9327
9277
9313
9360
9287
9296
9269
9372
9388
9380
9387
9382
9329
9390
9389
9392
9375
9301
9399
9376
9311
9336
9337
9347
9334
9381
9398
9364
9370
9391
9412
9402
9319
9408
9395
9423
9354
9424
9422
9393
9304
9416
9400
9401
9409
9407
9411
9406
9440
9439
9335
9414
9266
9441
9415
9446
9425
9365
9244
9333
9432
9418
9351
9450
9367
9442
9350
9359
9373
9443
9421
9447
9430
9435
9385
9459
9377
9386
9433
9426
9449
9463
9366
9445
9453
9355
9462
9468
9330
9352
9413
9454
9464
9465
9480
9461
9457
9475
9456
9371
9490
9378
9455
9488
9404
9403
9482
9396
9495
9405
9486
9508
9478
9397
9394
9484
9473
9481
9487
9436
9483
9428
9509
9493
9511
9474
9417
9507
9513
9516
9497
9410
9448
9420
9510
9512
9499
9492
9502
9427
9470
9515
9477
9534
9458
9522
9437
9531
9535
9525
9434
9532
9429
9530
9529
9528
9539
9542
9466
9547
9546
9526
9548
9467
9452
9543
9533
9476
9537
9506
9444
9419
9485
9460
9489
9552
9471
9555
9479
9501
9554
9504
9549
9491
9556
9570
9567
9569
9550
9581
9517
9577
9568
9585
9494
9503
9566
9580
9578
9521
9573
9583
9498
9451
9592
9438
9596
9545
9514
9601
9604
9588
9524
9520
9505
9575
9536
9431
9586
9519
9605
9523
9538
9518
9540
9558
9560
9607
9472
9572
9571
9527
9496
9576
9469
9563
9600
9610
9617
9587
9551
9630
9634
9612
9618
9638
9559
9562
9582
9636
9637
9628
9621
9557
9595
9603
9597
9591
9544
9561
9626
9633
9574
9541
9649
9594
9593
9606
9655
9602
9608
9643
9553
9564
9651
9599
9661
9615
9584
9660
9671
9620
9667
9647
9679
9662
9673
9654
9646
9579
9669
9663
9625
9681
9668
9675
9656
9609
9680
9598
9677
9565
9678
9611
9686
9672
9641
9627
9616
9613
9689
9629
9623
9622
9697
9614
9693
9696
9590
9694
9704
9639
9589
9653
9665
9706
9635
9707
9714
9674
9705
9619
9708
9632
9666
9716
9648
9631
9682
9676
9727
9732
9652
9698
9729
9724
9733
9683
9741
9728
9709
9725
9723
9642
9735
9743
9745
9657
9659
9731
9751
9718
9747
9742
9726
9687
9701
9645
9758
9650
9730
9685
9695
9749
9684
9717
9691
9759
9715
9772
9690
9703
9699
9721
9766
9757
9764
9768
9761
9702
9719
9779
9688
9720
9765
9692
9711
9790
9789
9737
9788
9736
9791
9700
9780
9784
9713
9792
9799
9739
9786
9783
9762
9712
9734
9744
9798
9750
9797
9803
9800
9794
9624
9710
9804
9722
9774
9670
9658
9801
9753
9807
9640
9822
9740
9664
9814
9746
9825
9808
9752
9827
9760
9793
9828
9823
9824
9826
9839
9834
9748
9829
9773
9756
9763
9833
9778
9644
9754
9738
9838
9775
9845
9770
9755
9843
9769
9785
9810
9842
9844
9787
9771
9841
9781
9835
9796
9782
9847
9795
9857
9852
9836
9767
9846
9849
9855
9813
9853
9840
9870
9806
9817
9877
9873
9802
9811
9777
9848
9863
9856
9851
9885
9865
9890
9884
9887
9875
9874
9907
9872
9883
9868
9899
9880
9892
9901
9904
9820
9816
9886
9819
9910
9876
9897
9878
9809
9818
9812
9882
9815
9908
9821
9905
9922
9931
9776
9830
9898
9805
9927
9934
9937
9891
9936
9894
9938
9915
9906
9869
9862
9928
9919
9850
9918
9940
9926
9944
9871
9941
9861
9930
9920
9864
9881
9858
9860
9859
9943
9837
9929
9923
9962
9889
9953
9854
9951
9866
9967
9832
9945
9970
9916
9975
9947
9949
9957
9984
9968
9895
9974
9966
9959
9912
9981
9965
9925
9942
9950
9972
9888
9990
9909
9960
9879
9963
9948
9995
10000
9955
9903
9997
9964
9867
9917
9831
9921
9977
9986
10004
9939
9998
9913
9989
10010
9988
10002
10011
10018
10008
9994
9993
9911
10022
10027
10007
10006
10021
9992
9987
9933
9893
9932
9896
9985
10009
10013
9900
10017
9902
10026
9954
10012
10001
9983
9935
9980
10003
10028
10030
10019
10040
10016
9914
9969
10043
10049
10020
10039
9946
10053
9982
10029
10044
10032
9924
10066
10051
9961
9978
9958
10068
10055
9971
9973
9956
10035
10070
10038
10046
10054
9979
10056
10077
10041
9976
10061
10075
10089
9952
10087
10034
10042
10083
10069
10071
10099
10097
10059
10082
10105
10067
10102
10033
10098
10076
10050
10047
10048
10080
10114
9999
10101
10084
10023
10117
10096
9996
10074
10109
10072
10014
10103
10085
10121
10112
10036
10079
10136
10078
10086
10005
10119
10113
10123
10058
10015
10118
10081
10140
10138
10045
10139
10057
10142
10131
10133
9991
10088
10135
10151
10094
10153
10126
10125
10100
10159
10124
10108
10158
10031
10052
10116
10156
10145
10157
10115
10091
10063
10161
10168
10073
10147
10110
10062
10150
10167
10155
10171
10093
10179
10111
10169
10148
10176
10092
10025
10182
10128
10132
10060
10162
10185
10172
10095
10186
10191
10188
10122
10175
10024
10090
10104
10065
10194
10183
10192
10195
10160
10200
10154
10203
10208
10202
10178
10197
10211
10166
10130
10201
10107
10137
10205
10127
10219
10141
10222
10134
10226
10213
10106
10120
10217
10240
10228
10231
10206
10064
10238
10232
10241
10247
10152
10220
10173
10180
10254
10253
10164
10246
10259
10144
10210
10236
10165
10255
10184
10187
10215
10198
10143
10242
10250
10249
10196
10199
10248
10129
10177
10224
10256
10190
10260
10227
10271
10235
10223
10274
10277
10218
10269
10278
10282
10263
10163
10258
10285
10268
10170
10207
10286
10214
10243
10272
10174
10304
10264
10296
10303
10287
10221
10209
10280
10225
10284
10299
10275
10308
10229
10295
10181
10245
10276
10301
10305
10189
10193
10318
10313
10324
10320
10322
10283
10251
10234
10146
10149
10244
10237
10270
10212
10329
10319
10230
10326
10328
10330
10335
10331
10252
10262
10216
10267
10291
10341
10349
10288
10293
10290
10300
10338
10292
10336
10334
10355
10298
10289
10343
10346
10353
10354
10281
10342
10297
10367
10310
10302
10314
10309
10362
10361
10279
10239
10265
10257
10312
10273
10370
10358
10316
10378
10379
10368
10315
10384
10333
10383
10344
10311
10307
10374
10261
10233
10385
10394
10397
10294
10306
10401
10399
10389
10400
10393
10347
10396
10409
10408
10411
10404
10266
10327
10339
10413
10414
10317
10321
10332
10325
10406
10421
10410
10415
10422
10403
10419
10424
10402
10360
10348
10373
10352
10371
10431
10351
10359
10357
10437
10430
10427
10323
10340
10369
10365
10446
10387
10436
10438
10441
10453
10454
10434
10450
10442
10451
10457
10345
10433
10439
10376
10417
10452
10456
10423
10363
10462
10364
10381
10388
10458
10380
10375
10443
10386
10391
10366
10398
10392
10382
10466
10472
10350
10372
10377
10470
10467
10405
10474
10356
10477
10426
10486
10461
10449
10468
10495
10418
10428
10407
10500
10425
10395
10412
10475
10504
10481
10505
10501
10420
10488
10483
10471
10429
10493
10492
10507
10510
10480
10490
10478
10517
10445
10435
10516
10460
10511
10513
10448
10535
10528
10432
10529
10337
10515
10532
10444
10459
10390
10416
10521
10518
10525
10464
10509
10497
10465
10519
10487
10526
10537
10534
10440
10552
10455
10544
10476
10473
10546
10540
10514
10536
10496
10543
10469
10482
10523
10561
10447
10566
10555
10562
10539
10565
10578
10579
10559
10503
10582
10485
10489
10498
10508
10580
10572
10547
10573
10506
10463
10479
10581
10587
10575
10494
10598
10491
10560
10502
10603
10522
10600
10499
10530
10484
10538
10605
10589
10533
10592
10609
10595
10545
10541
10550
10604
10591
10611
10608
10615
10617
10564
10558
10567
10624
10618
10622
10616
10548
10520
10556
10527
10553
10512
10576
10584
10551
10613
10549
10524
10644
10531
10636
10596
10601
10557
10641
10639
10638
10570
10632
10606
10610
10599
10588
10614
10577
10554
10586
10593
10648
10607
10542
10563
10659
10653
10568
10574
10585
10656
10634
10571
10583
10594
10664
10661
10662
10671
10590
10569
10673
10612
10602
10677
10676
10687
10597
10621
10643
10669
10691
10649
10658
10684
10650
10682
10655
10625
10698
10696
10647
10633
10683
10629
10702
10635
10689
10706
10630
10699
10620
10626
10627
10619
10628
10631
10704
10701
10642
10646
10713
10708
10654
10719
10718
10679
10640
10709
10712
10700
10716
10725
10727
10711
10637
10734
10623
10740
10720
10668
10680
10693
10728
10695
10738
10745
10686
10748
10651
10645
10657
10733
10744
10678
10670
10652
10675
10681
10743
10666
10660
10752
10665
10663
10692
10751
10667
10758
10672
10755
10674
10697
10690
10769
10688
10685
10771
10768
10764
10774
10729
10717
10772
10775
10722
10736
10707
10705
10770
10723
10782
10739
10703
10694
10785
10784
10791
10797
10730
10781
10714
10794
10749
10735
10804
10798
10799
10726
10732
10715
10710
10809
10750
10754
10767
10747
10773
10721
10760
10753
10761
10776
10762
10777
10763
10737
10746
10807
10811
10819
10765
10724
10731
10814
10810
10779
10780
10786
10822
10741
10756
10833
10821
10823
10766
10757
10830
10826
10813
10831
10843
10803
10835
10795
10849
10815
10793
10844
10851
10790
10834
10842
10800
10792
10805
10846
10840
10742
10759
10863
10820
10848
10788
10871
10858
10862
10861
10808
10875
10824
10801
10869
10841
10876
10870
10789
10872
10816
10886
10837
10881
10787
10802
10850
10839
10783
10878
10827
10854
10855
10894
10896
10888
10853
10892
10901
10828
10903
10900
10856
10906
10909
10845
10817
10812
10818
10864
10899
10806
10829
10918
10825
10923
10913
10928
10917
10914
10832
10932
10836
10920
10931
10924
10925
10919
10926
10868
10873
10927
10866
10910
10857
10933
10838
10852
10859
10847
10946
10944
10939
10860
10911
10948
10893
10942
10938
10879
10949
10960
10897
10953
10922
10951
10955
10963
10940
10865
10905
10874
10967
10902
10907
10921
10867
10889
10880
10883
10908
10885
10916
10887
10882
10891
10968
10976
10904
10978
10912
10973
10979
10890
10984
10983
10898
10895
10989
10982
10950
10929
11003
10985
10941
10998
10947
10992
10915
10943
10993
10997
10956
10999
11012
10934
10988
10971
10952
10945
11021
11008
10954
11020
10974
11013
10936
11011
10964
10966
10981
10961
11030
10959
10975
10930
11019
10965
10991
11024
11037
10986
11031
11015
10980
10937
11025
11045
11035
11018
11033
10977
11027
10995
11002
10877
11036
10884
10958
10778
11043
10970
11051
11010
11039
10990
11048
11062
11046
10935
11009
11006
11001
11058
10957
10996
10972
11004
10987
11014
10962
10994
11026
11000
11078
11016
11082
11066
11028
11085
11076
11070
11079
11005
11023
11087
11029
11022
11032
11040
11060
11075
11092
11096
11072
11098
11068
11064
11052
11044
11065
11034
11038
11049
11007
11056
11099
11077
11115
11106
11100
11074
11117
10969
11050
11097
11095
11126
11110
11063
11059
11047
11017
11054
11089
11041
11130
11067
11061
11057
11136
11084
11134
11069
11133
11109
11137
11135
11127
11042
11120
11083
11146
11148
11073
11143
11152
11111
11153
11114
11055
11147
11091
11101
11080
11088
11139
11053
11108
11105
11164
11161
11102
11086
11107
11162
11071
11121
11116
11168
11166
11179
11158
11182
11167
11090
11171
11159
11132
11172
11163
11189
11160
11128
11170
11138
11169
11081
11094
11118
11181
11124
11125
11176
11151
11186
11188
11175
11113
11122
11195
11145
11112
11187
11104
11140
11123
11184
11200
11180
11208
11197
11201
11178
11103
11207
11142
11131
11141
11193
11119
11214
11199
11157
11192
11202
11230
11224
11213
11231
11206
11220
11228
11093
11129
11210
11221
11150
11223
11144
11174
11242
11222
11155
11235
11245
11240
11234
11165
11229
11183
11261
11238
11256
11185
11259
11237
11239
11244
11263
11149
11262
11205
11247
11248
11253
11203
11269
11232
11273
11268
11190
11204
11276
11177
11154
11280
11279
11225
11217
11284
11215
11194
11191
11275
11278
11246
11198
11173
11243
11295
11257
11250
11226
11299
11290
11196
11296
11241
11303
11281
11297
11289
11298
11285
11306
11311
11307
11288
11309
11287
11313
11304
11254
11218
11293
11326
11314
11227
11270
11212
11292
11324
11322
11319
11334
11283
11325
11249
11219
11302
11330
11336
11291
11282
11233
11338
11271
11345
7608
11209
11211
11216
11258
11274
11342
11305
11341
11264
11236
11251
11310
11308
11346
11318
11352
11265
11252
11260
11255
11344
11368
11266
11370
11317
11294
11316
11301
11379
11329
11380
11360
11333
11315
11377
11328
11367
11382
11337
11343
11393
11375
11391
11347
11286
11300
11351
11340
11349
11398
11323
11321
11355
11383
11327
11339
11335
11320
11390
11357
11332
11407
11361
11354
11392
11408
11359
11371
11348
11418
11362
11358
11365
11350
11399
11402
11363
11417
11416
11404
11366
11426
11410
11415
11424
11374
11387
11437
11312
11386
11369
11381
11376
11378
11356
11396
11384
11411
11372
11400
11373
11445
11433
11401
11364
11353
11435
11409
11431
11455
11385
11331
11457
11449
11430
11448
11450
11458
11397
11444
11389
11394
11403
11388
11464
11428
11463
11476
11469
11465
11481
11420
11412
11395
11414
11425
11477
11472
11419
11434
11446
11429
11461
11483
11432
11482
11484
11436
11413
11487
11490
11427
11439
11447
11421
11423
11492
11495
11503
11496
11422
11498
11493
11504
11454
11453
11501
11500
11489
11478
11443
11406
11502
11508
11485
11470
11452
11475
11516
11480
11520
11515
11505
11517
11518
11519
11459
11527
11456
11440
11514
11467
11441
11479
11531
11442
11462
11536
11529
11471
11468
11523
11537
11473
11521
11522
11538
11526
11546
11499
11556
11548
11535
11491
11553
11451
11559
11506
11494
11565
11557
11513
11488
11534
11525
11474
11567
11466
11547
11550
11571
11570
11568
11524
11438
11582
11507
11512
11572
11544
11460
11577
11510
11591
11587
11563
11551
11579
11586
11576
11589
11588
11511
11596
11541
11497
11584
11585
11543
11539
11592
11573
11542
11540
11561
11528
11509
11552
11530
11614
11566
11533
11602
11613
11554
11562
11620
11607
11609
11619
11606
11621
11555
11593
11626
11558
11486
11627
11628
11625
11623
11532
11638
11617
11635
11564
11545
11569
11639
11549
11649
11632
11645
11604
11600
11590
11654
11642
11631
11652
11650
11655
11601
11610
11656
11659
11599
11651
11608
11598
11603
11661
11667
11574
11666
11597
11605
11560
11673
11665
11612
11663
11679
11580
11675
11618
11616
11643
11634
11581
11629
11686
11615
11648
11595
11677
11575
11633
11583
11641
11682
11653
11578
11685
11611
11624
11594
11622
11683
11647
11698
11690
11691
11697
11707
11644
11687
11703
11637
11657
11721
11710
11715
11699
11708
11704
4583
11636
11706
11719
11671
11674
11662
11668
11712
11727
11728
11640
11664
11725
11722
11669
11684
11672
11646
11692
11660
11689
11694
11658
11736
11737
11740
11630
11680
11754
11744
11681
11743
11714
11761
11676
11759
11749
11670
11724
11709
11720
11711
11695
11717
11716
11764
11700
11723
11772
11696
11678
11702
11770
11718
11705
11733
11782
11767
11732
11735
11731
11773
11713
11734
11775
11783
11701
11688
11793
11741
11729
11693
11795
11738
11777
11726
11742
11788
11739
11755
11771
11752
11745
11753
11748
11798
11746
11797
11807
11766
11803
11768
11762
11800
11730
11758
11799
11806
11747
11763
11756
11818
11817
11774
11779
11778
11808
11786
11812
11750
11825
11828
11809
11829
11819
11769
11832
11760
11751
11757
11765
11796
11836
11837
11844
11787
11791
11845
11835
11780
11855
11810
11842
11821
11839
11858
11843
11850
11776
11804
11790
11802
11861
11781
11865
11834
11847
11841
11784
11869
11785
11792
11805
11856
11813
11853
11827
11875
11874
11871
11811
11820
11822
11815
11824
11880
11846
11891
11877
11887
11831
11801
11868
11814
11830
11816
11901
11890
11896
11902
11885
11794
11900
11888
11789
11833
11851
11848
11907
11840
11912
11911
11823
11903
11904
11916
11898
11909
11838
11826
11860
11849
11854
11886
11859
11928
11919
11913
11931
11921
11882
11936
11862
11873
11925
11864
11932
11857
11852
11867
11927
11872
11944
11893
11889
11895
11892
11883
11863
11943
11933
11878
11866
11955
11958
11952
11954
11941
11870
11957
11914
11908
11953
11960
11950
11879
11947
11876
11963
11918
11937
11979
11978
11894
11881
11915
11985
11961
11897
11939
11975
11917
11905
11982
11987
11949
11935
11946
11940
11926
11884
11997
11930
11906
11994
11983
11924
11974
11910
11996
11959
11964
11990
12002
11948
11995
11967
11991
11988
11942
12007
11929
12009
12010
11922
11938
12005
11999
11969
11923
11951
11945
12011
12014
12004
11956
11920
12003
12025
12019
12024
11973
11976
12026
11962
12027
11934
12023
12042
11965
12033
12034
11971
11970
11966
12045
12032
12008
12059
11986
12061
12046
12057
12047
12050
11968
12064
11972
12000
11998
12063
12012
11993
11992
11981
12017
11977
11984
12018
12041
12070
12015
12069
12073
12029
12028
12031
12022
12006
12037
12078
12068
12001
12074
12071
12016
12086
12072
12052
12075
11989
12039
12076
12021
12084
12030
12040
12083
12055
12035
12051
12053
12094
12082
12036
12104
12080
12067
12096
12099
12105
12020
12043
12044
12090
12054
12048
12087
12114
12058
12038
12060
12101
12122
12121
12118
12111
12013
12098
12065
12113
12133
12049
12066
12119
12138
12139
12116
12117
12129
12079
12091
12110
12092
12127
12134
12125
12142
12149
12089
12148
12123
12056
12143
12102
12062
12151
12160
12077
12154
12136
12108
12126
12152
12106
12088
12093
12158
12169
12115
12156
12166
12081
12085
12124
12157
12168
12112
12182
12161
12103
12095
12131
12130
12100
12145
12192
12128
12196
12097
12162
12190
12146
12183
12185
12171
12135
12107
12189
12175
12109
12137
12195
12199
12132
12197
12198
12212
12207
12164
12206
12193
12201
12187
12209
12219
12216
12210
12220
12215
12218
12163
12170
12141
12120
12181
12147
12224
12213
12179
12178
12180
12173
12167
12159
12172
12177
12174
12150
12231
12241
12176
12184
12205
12230
12217
12237
12140
12234
12243
12236
12188
12191
12186
12254
12255
12244
12165
12153
12242
12155
12144
12232
12245
12240
12194
12257
12250
12221
12211
12203
12259
12262
12202
12228
12267
12204
12287
12235
12214
12264
12246
12266
12208
12277
12200
12226
12256
12261
12282
12280
12269
12265
12286
12274
12270
12223
12285
12289
12279
12248
12295
12227
12260
12290
12294
12296
12229
12302
12288
12238
12225
12268
12317
12308
12312
12301
12239
12299
12251
12258
12293
12311
12253
12272
12273
12278
12307
12222
12319
12284
12252
12283
12247
12325
12324
12333
12337
12328
12326
12271
12347
12249
12323
12233
12276
12342
12298
12281
12300
12291
12349
12354
12327
12351
12314
12316
12292
12297
12320
12343
12334
12353
12321
12318
12322
12369
12330
12362
12361
12306
12379
12344
12313
12363
12377
12367
12338
12372
12370
12374
12368
12315
12376
12275
12373
12304
12340
12383
12350
12310
12385
12392
12359
12397
12341
12393
12404
12390
12263
12309
12305
12352
12329
12335
12403
12375
12380
12336
12412
12365
12348
12356
12406
12378
12332
12409
12364
12418
12360
12420
12355
12303
12416
12371
12425
12339
12358
12432
12430
12419
12382
12402
12440
12427
12395
12441
12346
12431
12381
12384
12407
12357
12434
12366
12331
12428
12438
12387
12401
12459
12389
12399
12450
12411
12444
12447
12452
12448
12408
12400
12458
12456
12466
12454
12388
12405
12386
12345
12453
12398
12410
12446
12422
12471
12467
12470
12415
12396
12474
12488
12478
12487
12483
12414
12391
12469
12417
12481
12480
12421
12486
12433
12424
12394
12413
12449
12497
12498
12461
12495
12445
12510
12492
12437
12462
12436
12435
12465
12439
12508
12468
12496
12429
12457
12443
12489
12484
12521
12460
12451
12523
12515
12472
12426
12455
12442
12520
12476
12491
12530
12519
12514
12524
12528
12526
12532
12529
12535
12507
12539
12540
12463
12506
12479
12538
12423
12482
12503
12485
12473
12493
12552
12494
12464
12490
12509
12549
12553
12560
12566
12505
12477
12504
12565
12513
12502
12516
12562
12568
12558
12500
12559
12536
12518
12475
12567
12561
12522
12541
12501
12569
12512
12525
12581
12579
12527
12580
12590
12575
12595
12589
12591
12517
12548
12584
12573
12588
12587
12602
12531
12537
12564
12592
12544
12534
12603
12611
12533
12555
12571
12618
12607
12550
12547
12570
12612
12563
12623
12615
12545
12546
12543
12610
12626
12609
12620
12551
12629
12627
12596
12622
12634
12630
12617
12593
12637
12556
12632
12554
12600
12557
12578
12635
12583
12582
12639
12586
12572
12597
12542
12511
12642
12651
12647
12652
12638
12656
12650
12644
12598
12664
12599
12576
12663
12660
12616
12577
12646
12654
12605
12649
12659
12619
12669
12624
12662
12667
12673
12585
12594
12666
12668
12680
12661
12574
12608
12670
12693
12696
12604
12641
12625
12601
12682
12621
12640
12687
12606
12628
12614
12671
12613
12698
12695
12633
12712
12692
12702
12716
12653
12717
12715
12694
12672
12665
12645
12643
12631
12724
12636
12704
12707
12710
12701
12689
12691
12655
12719
12657
12675
12718
12729
12648
12684
12686
12706
12723
12690
12676
12699
12731
12658
12674
12703
12742
12741
12709
12733
12748
12749
12736
12739
12728
12735
12750
12683
12722
12752
12756
12713
12721
12726
12757
12743
12762
12688
12751
12755
12767
12678
12766
12765
12679
12730
12734
12681
12745
12685
12744
12771
12777
12677
12764
12725
12753
12789
12700
12705
12697
12714
12780
12720
12737
12782
12796
12793
12791
12768
12795
12738
12774
12790
12803
12805
12811
12778
12775
12801
12708
12727
12792
12740
12807
12798
12813
12815
12770
12760
12812
12826
12776
12781
12802
12819
12833
12817
12761
12779
12797
12804
12830
12732
12827
12835
12759
12772
12836
12747
12763
12754
12846
12783
12809
12825
12758
12746
12800
12854
12828
12808
12847
12821
12838
12787
12839
12794
12799
12823
12785
12868
12788
12843
12848
12849
12844
12773
12857
12834
12810
12784
12851
12850
12816
12786
12858
12876
12769
12806
12852
12818
12872
12832
12877
12880
12881
12878
12886
12863
12814
12870
12820
12831
12860
12883
12896
12884
12874
12855
12892
12894
12891
12890
12906
12859
12853
12887
12837
12905
12911
12869
12882
12895
12842
12841
12908
12856
12899
12873
12912
12885
12862
12914
12915
12864
12924
12922
12926
12927
12917
12824
12916
12898
12907
12936
12940
12822
12829
12845
12875
12930
12897
12888
12932
12921
12871
12902
12949
12943
12900
12950
12865
12903
12866
12942
12958
12889
12861
12879
12959
12867
12963
12946
12945
12923
12954
12901
12948
12953
12956
12964
12893
12978
12928
12981
12904
12933
12925
12966
12913
12937
12983
12967
12910
12919
12979
12977
12972
12991
12939
12987
12970
12997
12909
12938
12985
12941
12957
12931
12935
12947
13003
13001
12960
12952
12975
12989
12920
12918
12929
13000
12973
12993
12961
13008
13015
13011
13014
13007
13021
12955
12965
12934
12951
13025
13009
13020
12962
12974
12982
13033
12986
13030
13034
13039
12984
12976
12990
13029
13037
13017
13047
13051
13045
13036
12994
13054
13043
13048
13056
12992
13046
12968
12988
13059
13038
13049
12998
12999
13058
13055
13060
13061
12980
12969
12971
12996
13062
12944
13024
13006
13072
13066
13069
13063
13073
13004
13035
13057
13064
13012
13083
13044
13074
13082
13018
13081
13031
13093
13076
13092
13096
13085
13094
13087
13028
13108
13105
13100
13023
13107
13002
13106
13005
13101
13016
13026
13042
13111
13040
13077
13032
13112
13116
13115
13071
13117
13013
13122
13052
13027
13088
13068
13121
13070
13079
13104
13125
13086
13065
13089
13134
13130
13133
13124
13095
13078
13090
13114
13123
13140
13136
13091
13097
12995
13041
13019
13075
13099
13022
13153
13109
13139
13098
13010
13103
13084
13144
13164
13162
13120
13102
13163
13167
13067
13155
13159
13152
13166
13169
13170
13053
13119
13171
13080
13168
13177
13183
13186
13187
13141
13181
13149
13128
13185
13113
13189
13110
13129
13145
13195
13190
13138
13148
13127
13131
13198
13146
13157
13118
13156
13192
13205
13135
13154
13143
13150
13132
13173
13137
13147
13216
13212
13214
13178
13126
13158
13172
13218
13211
13199
13222
13160
13221
13230
13184
13161
13174
13231
13235
13232
13191
13239
13176
13142
13201
13233
13151
13200
13179
13180
13242
13175
13249
13165
13252
13240
13250
13247
13241
13193
13259
13194
13202
13248
13188
13197
13256
13220
13255
13208
13213
13260
13243
13206
13182
13273
13267
13254
13209
13268
13275
13215
13264
13210
13278
13276
13226
13288
13207
13286
13227
13270
13219
13291
13234
13225
13258
13253
13277
13228
13302
13298
13285
13301
13238
13237
13262
13203
13263
13257
13306
13295
13307
13244
13251
13261
13316
13279
13318
13281
13311
13246
13296
13319
13269
13320
13217
13274
13322
13289
13321
13328
13282
13272
13265
13245
13204
13229
13305
13271
13280
13196
13313
13312
13283
13223
13346
13336
13308
13297
13332
13266
13348
13292
13293
13284
13290
13300
13303
13294
13287
13335
13350
13347
13327
13236
13299
13323
13304
13315
13353
13309
13317
13224
13368
13314
13324
13310
13362
13372
13364
13330
13334
13370
13374
13373
13371
13367
13382
13325
13389
13343
13381
13385
13392
13386
13337
13398
13399
13339
13355
13397
13333
13326
13394
13338
13340
13341
13375
13358
13390
13329
13393
13331
13342
13401
13354
13357
13403
13365
13395
13405
13345
13356
13360
13366
13412
13352
13361
13363
13426
13424
13431
13430
13421
13383
13435
13359
13414
13433
13380
13369
13387
13439
13438
13425
13436
13351
13427
13344
13384
13422
13432
13349
13396
13388
13407
13448
13442
13400
13455
13441
13378
13440
13377
13446
13404
13379
13467
13454
13428
13376
13406
13391
13472
13453
13463
13474
13477
13409
13475
13478
13410
13461
13434
13402
13417
13468
13408
13437
13415
13429
13418
13413
13411
13471
13485
13416
13443
13496
13423
13494
13450
13451
13490
13483
13447
13458
13500
13479
13502
13498
13504
13444
13487
13419
13507
13497
13420
13501
13495
13514
13499
13465
13517
13466
13462
13516
13503
13526
13456
13523
13521
13445
13459
13470
13522
13509
13512
13536
13473
13532
13452
13538
13524
13510
13528
13449
13457
13460
13540
13505
13482
13539
13533
13531
13486
13464
13553
13489
13481
13525
13551
13480
13515
13492
13545
13565
13550
13518
13556
13571
13559
13573
13469
13558
13555
13476
13546
13493
13560
13488
13564
13541
13508
13572
13529
13506
13491
13589
13484
13513
13511
13585
13587
13530
13596
13527
13591
13519
13537
13601
13581
13520
13535
13594
13580
13568
13534
13597
13604
13611
13578
13552
13615
13544
13554
13543
13557
13612
13563
13574
13606
13542
13610
13548
13547
13616
13570
13620
13569
13621
13575
13600
13625
13617
13628
13549
13636
13635
13627
13634
13586
13582
13644
13643
13576
13566
13583
13592
13598
13613
13577
13595
13579
13588
13584
13648
13654
13561
13609
13590
13605
13603
13599
13602
13660
13618
13593
13608
13623
13666
13663
13665
13661
13670
13667
13607
13664
13619
13622
13677
13632
13678
13624
13642
13640
13645
13639
13668
13641
13637
13650
13679
13676
13629
13688
13691
13675
13614
13694
13687
13658
13690
13626
13631
13633
13703
13662
13698
13659
13649
13647
13712
13706
13656
13715
13655
13713
13709
13652
13646
13673
13717
13674
13669
13722
13653
13708
13719
13638
13714
13711
13707
13651
13704
13630
13685
13723
13718
13731
13680
13671
13734
13657
13701
13725
13692
13689
13684
13695
13672
13729
13716
13746
13700
13730
13728
13747
13683
13736
13743
13699
13740
13752
13682
13705
13697
13763
13748
13741
13735
13754
13766
13702
13765
13749
13757
13771
13721
13738
13760
13727
13777
13726
13779
13745
13775
13780
13720
13772
13774
13710
13773
13793
13732
13792
13785
13739
13751
13782
13744
13750
13786
13693
13696
13681
13789
13758
13759
13799
13733
13798
13800
13803
13686
13796
13784
13761
13764
13811
13737
13802
13801
13807
13767
13805
13724
13762
13815
13742
13816
13806
13755
13790
13827
13823
13822
13768
13753
13769
13828
13837
13830
13781
13819
13835
13820
13840
13833
13825
13824
13817
13843
13848
13778
13832
13794
13850
13787
13776
13814
13860
13861
13818
13854
13864
13858
13865
13856
13770
13756
13812
13869
13862
13813
13788
13826
13829
13791
13809
13797
13810
13873
13831
13836
13877
13882
13878
13845
13844
13842
13808
13821
13889
13783
13838
13870
13849
13841
13839
13886
13795
13888
13880
13834
13883
13890
13847
13885
13884
13852
13895
13900
13892
13897
13859
13868
13896
13911
13907
13916
13905
13919
13903
13910
13804
13908
13926
13924
13875
13928
13914
13925
13934
13894
13853
13933
13931
13857
13846
13929
13940
13915
13901
13941
13946
13879
13872
13874
13935
13950
13893
13891
13948
13887
13921
13936
13930
13867
13876
13866
13945
13851
13855
13902
13906
13904
13922
13863
13871
13881
13963
13962
13961
13966
13917
13959
13899
13944
13972
13974
13965
13898
13918
13927
13913
13971
13981
13932
13920
13909
13912
13973
13937
13994
13985
13987
13993
13995
13999
13976
14003
13997
14000
13989
13949
13960
14005
13998
13956
14007
13939
14001
13990
13955
14014
13943
14006
13957
14018
13964
14026
13968
14020
14022
13967
13983
13953
13954
13980
14021
13969
14024
14030
14032
13979
13958
13988
14039
14035
13982
13970
14036
14002
14013
14016
13975
14017
14011
14044
14045
13978
14049
13991
14043
14050
14042
14041
14008
14051
13996
14047
14055
14012
14025
14029
13951
14010
14027
14009
14063
13952
13923
14023
14054
13984
14019
14059
14066
14056
14084
13947
13938
13992
14067
14079
14034
14061
14031
14085
14015
14004
13942
14072
13977
14033
14028
13986
14087
14040
14080
14089
14091
14075
14046
14038
14083
14078
14048
14097
14088
14098
14112
14081
14109
14107
14037
14103
14073
14115
14077
14069
14070
14114
14110
14122
14062
14117
14057
14053
14065
14123
14119
14104
14076
14064
14126
14071
14127
14068
14118
14124
14101
14074
14121
14052
14102
14129
14139
14060
14095
14093
14100
14142
14134
14130
14131
14086
14082
14058
14141
14106
14094
14133
14108
14113
14148
14096
14090
14143
14170
14159
14162
14169
14165
14153
14167
14150
14111
14155
14099
14105
14137
14092
14177
14175
14116
14182
14180
14128
14190
14194
14183
14189
14197
14187
14193
14200
14202
14144
14204
14154
14135
14205
14132
14208
14140
14184
14195
14145
14178
14206
14176
14138
14164
14146
14149
14125
14156
14179
14161
14120
14158
14163
14213
14217
14210
14147
14219
14223
14188
14173
14181
14220
14152
14191
14221
14151
14230
14225
14166
14232
14168
14186
14237
14243
14160
14242
14231
14234
14185
14136
14171
14157
14238
14250
14172
14241
14207
14201
14174
14199
14240
14239
14203
14198
14255
14247
14212
14254
14265
14256
14196
14269
14272
14264
14259
14261
14262
14258
14274
14268
14226
14266
14192
14279
14275
14273
14211
14216
14282
14280
14278
14276
14287
14277
14214
14296
14292
14297
14290
14295
14233
14228
14299
14294
14244
14215
14209
14301
14235
14229
14310
14303
14218
14245
14309
14304
14249
14308
14222
14311
14315
14251
14227
14252
14312
14281
14260
14324
14326
14321
14246
14319
14224
14253
14267
14320
14257
14270
14328
14327
14313
14323
14248
14330
14285
14263
14236
14289
14334
14338
14332
14345
14350
14300
14353
14342
14286
14351
14352
14333
14349
14355
14318
14317
14293
14356
14363
14341
14357
14302
14316
14284
14322
14305
14335
14288
14336
14366
14314
14368
14376
14361
14371
14367
14298
14344
14375
14271
14380
14307
14372
14347
14394
14379
14390
14386
14381
14377
14291
14392
14329
14283
14359
14374
14391
14403
14340
14402
14396
14325
14306
14337
14354
14360
14373
14348
14339
14407
14369
14343
14411
14405
14415
14370
14413
14423
14425
14388
14364
14430
14346
14426
14418
14420
14432
14383
14365
14362
14431
14382
14409
14387
14399
14393
14436
14385
14419
14433
14439
14395
7658
14454
14450
14401
14446
14445
14456
14384
14397
14412
14410
14408
14422
14461
14429
14416
14458
14417
14414
14465
14469
14466
14427
14473
14460
14470
14467
14478
14476
14389
14443
14462
14428
14400
14471
14406
14424
14435
14398
14421
14482
14331
14437
14451
14487
14438
14484
14474
14480
14493
14434
14440
14496
14378
14481
14453
14358
14491
14442
14483
14449
14455
14498
14495
14499
14504
14447
14492
14508
14463
14490
14441
14518
14457
14510
14516
14475
14488
14444
14524
14468
14522
14452
14520
14501
14529
14515
14532
14523
14534
14500
14533
14540
14537
14531
14464
14459
14494
14479
14542
14448
14511
14472
14512
14502
14548
14552
14550
14553
14539
14564
14503
14521
14556
14486
14509
14528
14514
14551
14485
14560
14513
14519
14545
14577
14536
14477
14507
14546
14526
14567
14574
14527
14505
14569
14530
14541
14497
14570
14517
14582
14572
14587
14538
14585
14559
14571
14588
14590
14544
14535
14593
14563
14543
14581
14605
14604
14547
14555
14583
14561
14525
14549
14554
14614
14562
14558
14565
14573
14615
14592
14622
14595
14629
14621
14628
14557
14623
14630
14506
14600
14606
14594
14568
14611
14566
14634
14589
14597
14612
14608
14575
14638
14647
14644
14586
14584
14636
14653
14598
14576
14579
14649
14655
14627
14652
14639
14616
14601
14635
14660
14599
14654
14596
14602
14658
14640
14580
14651
14657
14664
14672
14591
14578
14632
14610
14675
14609
14603
14678
14682
14669
14648
14688
14690
14687
14665
14650
14642
14659
14695
14684
14697
14618
14694
14624
14670
14613
14619
14626
14667
14633
14689
14620
14661
14607
14701
14631
14643
14715
14705
14617
14702
14709
14656
14637
14646
14625
14719
14708
14712
14685
14662
14717
14663
14680
14666
14645
14723
14711
14671
14677
14676
14641
14720
14727
14674
14693
14716
14734
14736
14668
14724
14732
14735
14686
14681
14679
14691
14737
14740
14741
14673
14742
14696
14748
14746
14718
14692
14751
14707
14714
14699
14764
14738
14683
14759
14758
14704
14700
14765
14760
14743
14767
14752
14768
14776
14762
14706
14773
14774
14725
14721
14730
14763
14781
14745
14771
14792
14790
14703
14791
14782
14795
14739
14770
14750
14754
14753
14799
14798
14786
14784
14780
14802
14805
14733
14728
14729
14801
14803
14809
14698
14726
14710
14722
14766
14744
14731
14747
14778
14779
14816
14814
14749
14815
14796
14794
14713
14817
14787
14757
14775
14772
14822
14819
14783
14756
14761
14825
14830
14789
14823
14829
14824
14788
14818
14777
14769
14845
14842
14785
14837
14846
14800
14853
14793
14860
14859
14854
14856
14857
14810
14862
14866
14804
14858
14813
14807
14863
14868
14861
14870
14876
14875
14867
14877
14841
14808
14821
14834
14873
14831
14797
14878
14882
14884
14812
14835
14885
14879
14838
14811
14836
14839
14828
14890
14891
14843
14848
14826
14755
14851
14847
14832
14896
14827
14893
14806
14852
14903
14849
14911
14855
14833
14869
14907
14871
14872
14914
14820
14895
14850
14865
14844
14918
14909
14912
14874
14921
14919
14920
14883
14927
14933
14926
14936
14864
14931
14935
14928
14898
14880
14929
14892
14942
14939
14947
14943
14900
14944
14887
14881
14948
14901
14897
14951
14949
14957
14945
14902
14941
14953
14934
14955
14930
14886
14959
14908
14956
14899
14917
14962
14966
14971
14889
14954
14904
14840
14940
14922
14963
14960
14978
14970
14973
14905
14964
14980
14938
14989
14986
14987
14937
14894
14906
14913
14983
14910
14977
14932
14924
14923
14888
14990
14984
14915
14946
14995
15000
14994
14996
15010
15006
15011
15007
14997
15003
14925
15020
14972
15015
15024
15026
15028
14969
15027
14916
15025
14958
14981
15030
15014
14968
14979
14950
14988
14952
14965
14998
14974
14992
14982
14999
14975
15038
14967
15035
15001
15039
14993
15052
15013
14976
15041
14985
15004
15047
15049
15060
15059
15050
15057
15054
14991
15064
15016
15022
15017
15002
15055
15012
15019
15008
15069
15073
15068
15037
15023
15079
15078
15043
15072
15070
15032
15021
15083
15029
15091
15036
15084
15086
15044
15061
15089
15062
15056
15090
15053
15092
15031
15098
15101
15034
15045
15102
15067
15018
15097
15103
15066
15042
15048
15104
15076
15005
15093
15040
15009
15087
15046
15033
15063
15077
15108
15051
15110
15113
15071
15123
15058
15122
15080
15082
15121
15065
15132
15125
15133
15074
15126
15124
15136
15139
15134
15138
15075
15095
15099
15096
15081
15152
15109
15153
15144
15094
15107
15085
15149
15115
15150
15160
15088
15114
15116
15155
15159
15167
15165
15174
15140
15166
15141
15169
15119
15168
15164
15179
15111
15180
15182
15170
15100
15156
15178
15120
15105
15118
15117
15129
15143
15128
15186
15183
15127
15112
15137
15145
15135
15187
15171
15151
15196
15161
15148
15190
15203
15146
15189
15142
15147
15207
15210
15198
15197
15130
15205
15158
15209
15206
15214
15154
15131
15224
15157
15185
15222
15176
15221
15228
15226
15223
15216
15235
15163
15230
15172
15175
15177
15181
15184
15202
15238
15240
15191
15193
15245
15173
15162
15195
15201
15192
15243
15188
15241
15251
15219
15227
15256
15252
15258
15208
15200
15260
15217
15218
15255
15233
15265
15272
15246
15266
15212
15262
15271
15274
15267
15213
15204
15215
15225
15211
15199
15282
15229
15275
15286
15287
15232
15284
15277
15239
15253
15289
15248
15295
15280
15290
15231
15236
15283
15285
15299
15294
15305
15279
15303
15302
15313
15307
15244
15237
15247
15306
15296
15261
15242
15316
15281
15234
15291
15269
15268
15317
15293
15322
15276
15263
15250
15264
15311
15278
15320
15249
15254
15259
15288
15329
15308
15310
15333
15298
15257
15326
15340
15327
15330
15338
15336
15339
15309
15335
15348
15324
15325
15332
15358
15350
7839
15355
15361
15292
15352
15359
15314
15365
15270
15337
15297
15319
15321
15342
15374
15368
15323
15371
15372
15376
15273
15353
15344
15377
15334
15346
15301
15343
15341
15383
15387
15393
15384
15378
15373
15357
15389
15315
15318
15345
15370
15398
15312
15401
15304
15300
15331
15347
15351
15328
15399
15403
15397
15363
15392
15349
15375
15386
15364
15412
15366
15369
15410
15409
15367
15407
15356
15406
15415
15420
15354
15422
15418
15405
15429
15417
15425
15413
15382
15421
15433
15437
15360
15428
15438
15439
15416
15385
15440
15431
15388
15394
15362
15379
15390
15391
15442
15441
15381
15457
15452
15449
15458
15402
15396
15423
15462
15460
15414
15455
15448
15465
15474
15479
15468
15430
15400
15443
15411
15424
15408
15404
15469
15380
15473
15478
15419
15481
15395
15480
15494
15495
15467
15427
15434
15493
15436
15487
15485
15453
15484
15501
15426
15489
15445
15447
15450
15435
15500
15459
15490
15472
15498
15504
15463
15506
15444
15476
15432
15510
15475
15514
15497
15502
15503
15446
15454
15496
15451
15523
15507
15483
15516
15464
15461
15488
15511
15477
15466
15513
15470
15532
15456
15533
15471
15522
15528
15486
15551
15518
15538
15539
15549
15543
15519
15505
15548
15491
15562
15544
15509
15482
15546
15492
15517
15499
15557
15508
15515
15560
15512
15564
15556
15568
15570
15521
15527
15536
15575
15547
15531
15524
15558
15574
15550
15541
15530
15552
15572
15578
15529
15589
15590
15542
15566
15592
15534
15576
15583
15526
15561
15540
15537
15595
15545
15535
15525
15569
15520
15582
15597
15567
15586
15605
15602
15609
15555
15613
15619
15554
15563
15577
15573
15591
15587
15608
15579
15581
15610
15623
15631
15580
15553
15596
15559
15627
15614
15634
15571
15630
15588
15593
15585
15642
15636
15607
15565
15594
15632
15611
15584
15635
15601
15640
15643
15617
15604
15599
15641
15639
15647
15638
15661
15650
15653
15657
15625
15612
15652
15598
15655
15658
15659
15649
15664
15660
15651
15621
15666
15618
15656
15615
15671
15667
15600
15622
15606
15624
15682
15668
15685
15674
15626
15688
15603
15683
15686
15677
15684
15620
15672
15616
15691
15633
15678
15692
15690
15629
15709
15705
15648
15706
15689
15695
15703
15694
15687
15637
15697
15712
15704
15701
15645
15646
15644
15715
15711
15726
15699
15713
15676
15722
15665
15628
15714
15708
15654
15717
15675
15681
15727
15670
15723
15662
15725
15737
15700
15669
15693
15698
15729
15663
15739
15736
15741
15680
15730
15733
15757
15755
15721
15696
15673
15748
15742
15754
15746
15679
15752
15707
15702
15710
15760
15743
15756
15762
15763
15718
15776
15769
15728
15761
15720
15766
15731
15753
15771
15724
15750
15732
15786
15719
15767
15782
15759
15734
15787
15788
15744
15792
15794
15804
15801
15796
15800
15745
15790
15747
15791
15795
15740
15751
15738
15765
15749
15809
15716
15818
15780
15822
15735
15812
15817
15825
15815
15814
15783
15784
15785
15829
15775
15781
15827
15773
15831
15833
15798
15830
15828
15802
15774
15772
15836
15838
15789
15768
15844
15842
15779
15777
15843
15841
15854
15846
15807
15820
15823
15850
15835
15770
15808
15856
15840
15852
15797
15778
15806
15821
15816
15855
15826
15793
15813
15805
15799
15811
15861
15819
15824
15810
15859
15866
15862
15803
15848
15868
15865
15864
15869
15834
15832
15873
15870
15764
15879
15887
15892
15837
15871
15891
15876
15878
15890
15853
15858
15857
15849
15904
15899
15908
15847
15839
15845
15896
15900
15898
15863
15897
15851
15910
15909
15912
15917
15877
15886
15921
15867
15906
15882
15881
15885
15922
15918
15874
15860
15923
15872
15924
15928
15931
15932
15933
15926
15894
15936
15934
15907
15945
15875
15920
15943
15895
15927
15919
15949
15903
15937
15944
15950
15901
15884
15952
15953
15946
15902
15915
15938
15758
15893
15888
15913
15959
15880
15967
15935
15957
15963
15969
15972
15979
15978
15965
15966
15982
15973
15916
15889
15980
15883
15941
15947
15929
15911
15905
15981
15925
15993
15976
15992
15914
15939
15986
15942
15997
15995
15990
15991
15958
15930
15985
15988
15956
16009
16006
15948
16004
15940
10796
15975
15964
15971
16007
15951
15954
15955
15974
15977
15960
15962
15968
15989
16003
15983
15999
15987
16001
15998
15996
15970
16000
15984
16008
16002
15961
15994
16005
10037
187
1248
1157
2449
2329
2349
3439
3532
3432
3526
3682
3965
3922
4046
4202
12499
15194
4634
5034
5889
6087
6550
6580
7163
7175
7215
7595
8227
8322
8540
8520
8670
8686
9219
9299
9500
10204
11156
11267
11277
11272
11405
11899
11980
12711
12840
13050
13562
13567
14404
14489
14961
15106
15220
