33
5
38
46
16
1
15
56
62
25
48
86
2
85
73
39
28
47
68
27
61
95
57
34
87
70
100
69
12
37
45
11
21
75
93
17
82
80
67
78
53
10
99
98
3
94
44
59
71
4
20
116
115
49
42
23
121
117
72
18
122
14
126
108
90
132
32
9
19
143
124
153
51
0
65
22
50
43
63
142
107
129
7
152
55
76
29
144
134
60
84
159
52
24
64
131
104
120
31
133
79
173
101
138
41
88
182
36
156
181
176
35
161
188
166
103
170
77
135
114
92
8
96
141
91
97
105
81
190
89
183
198
197
157
146
112
162
54
58
83
6
139
119
172
102
113
199
169
111
130
216
213
136
155
151
175
219
66
222
30
164
194
148
238
158
147
195
118
160
193
13
210
241
74
250
221
106
243
177
227
252
202
231
249
26
251
214
240
232
224
248
40
123
191
234
140
256
154
237
262
273
268
226
278
167
185
184
280
266
276
253
281
255
236
137
270
282
274
128
291
180
127
218
189
110
178
179
263
163
215
187
271
298
217
272
247
244
201
245
279
257
265
239
305
230
242
261
206
233
307
150
258
321
145
109
149
171
196
300
293
306
343
200
297
207
211
325
204
208
168
311
340
299
315
174
290
225
223
323
277
319
329
353
303
228
125
203
186
205
331
301
368
254
333
309
345
341
286
288
289
348
381
332
349
347
384
363
362
220
246
336
380
269
212
165
320
192
229
328
209
395
372
338
283
377
314
379
401
337
287
292
342
264
398
412
275
360
366
295
327
326
312
400
390
393
425
355
285
399
317
364
335
294
392
235
406
416
397
428
369
304
302
422
296
417
316
358
421
447
439
430
350
418
386
444
387
434
438
352
410
452
260
446
318
375
435
373
388
436
361
385
451
391
351
330
308
427
431
442
454
460
476
462
457
313
383
376
461
475
344
370
471
465
458
467
456
324
403
477
374
480
357
468
473
259
478
382
481
284
486
365
487
495
354
508
510
371
482
339
514
402
359
459
506
490
407
488
334
516
517
521
525
502
520
394
493
356
511
498
507
513
523
541
546
413
433
437
483
463
527
429
536
389
537
310
526
346
533
408
555
505
396
367
378
539
543
419
532
267
540
560
542
559
455
561
534
557
548
414
405
549
450
544
445
453
415
420
423
424
443
582
404
322
472
579
580
589
565
577
594
426
485
575
595
509
497
491
411
587
464
571
501
573
597
574
409
578
500
512
519
586
524
484
599
593
448
440
432
470
562
604
629
623
592
616
489
499
496
600
492
469
608
615
602
622
625
627
635
518
474
441
530
449
656
466
612
655
566
620
654
504
632
658
606
657
645
637
641
663
531
651
617
647
551
538
581
659
669
545
668
479
528
673
667
677
653
553
535
676
494
558
614
522
649
661
685
660
672
583
678
666
683
584
556
693
696
550
564
598
569
552
698
689
503
674
706
576
714
572
699
515
707
567
624
628
596
563
695
684
704
710
619
715
568
554
610
588
687
618
720
609
639
732
736
605
585
741
708
705
729
529
621
688
547
738
724
722
726
753
590
745
671
763
748
570
692
740
644
652
746
764
611
613
755
760
747
759
643
734
686
665
769
636
607
603
775
768
633
634
648
709
670
782
754
780
640
680
646
751
781
601
650
591
783
749
792
638
789
630
803
801
662
626
802
642
796
808
679
631
700
787
711
702
675
809
723
819
791
820
825
794
822
681
728
691
694
841
811
827
838
836
831
713
717
845
818
721
848
829
821
823
844
739
799
828
772
826
833
839
735
697
840
701
858
703
837
727
664
733
871
750
719
716
770
856
743
742
690
784
730
776
881
712
786
867
853
756
682
778
779
806
774
860
725
870
793
737
797
771
804
785
790
863
880
762
859
757
752
817
889
800
882
813
766
798
812
761
773
878
923
903
744
807
805
884
874
900
731
917
718
883
897
758
922
930
767
765
795
932
938
814
895
849
857
940
899
920
941
933
873
937
777
943
855
913
950
925
956
788
832
946
902
905
952
846
924
852
850
898
928
888
816
868
959
954
834
966
862
927
865
824
843
911
979
963
971
985
980
886
861
986
929
866
988
973
869
835
990
962
991
906
854
997
968
810
864
815
981
1005
974
851
842
976
885
958
847
992
965
1006
951
987
1017
830
1009
892
1029
896
918
879
877
872
904
1027
1033
915
931
891
978
887
926
999
1004
876
914
1031
901
907
875
910
1019
912
916
1000
1056
945
1045
977
1018
1030
1023
947
1057
1012
996
908
1066
934
919
893
1059
890
953
1071
1014
1073
935
969
894
936
1061
1069
967
1047
1050
1062
957
1089
942
1032
1055
1093
1094
1010
1046
1095
1070
1075
1092
1101
970
1041
1104
983
984
961
944
955
1096
1074
939
1011
1098
1102
1087
1111
1015
1084
1100
1085
1115
1099
949
1016
1123
1121
960
972
995
1025
1003
1028
1002
1107
1051
1135
1024
1054
1058
1143
1048
1007
1065
989
909
1020
1064
1136
1049
994
1141
1105
1129
1140
1156
1013
1144
1150
1044
1134
1052
1138
975
1161
1158
1034
1001
1035
982
1139
1165
1155
1125
1154
1042
1076
1043
1130
1008
1128
1022
1038
1053
1097
1160
1040
948
1060
1173
1078
1021
1162
1039
1137
1157
1103
1176
1182
1063
993
1180
998
1077
1086
1152
1169
1172
1037
1151
1116
1124
921
1193
1188
1090
1210
964
1171
1145
1163
1183
1117
1177
1220
1205
1068
1080
1081
1216
1119
1189
1133
1132
1192
1148
1088
1131
1218
1228
1067
1224
1091
1118
1222
1109
1153
1244
1227
1239
1225
1199
1110
1082
1230
1249
1122
1238
1106
1250
1036
1251
1201
1127
1248
1142
1245
1223
1247
1253
1198
1261
1108
1113
1083
1112
1236
1233
1234
1231
1266
1265
1243
1281
1254
1268
1259
1114
1126
1275
1284
1269
1297
1026
1215
1292
1147
1285
1274
1270
1262
1206
1072
1286
1079
1164
1264
1174
1255
1257
1159
1149
1283
1120
1202
1196
1146
1167
1203
1178
1313
1299
1282
1212
1166
1276
1316
1200
1184
1187
1175
1315
1314
1302
1307
1213
1168
1217
1170
1179
1186
1209
1293
1320
1295
1327
1317
1229
1260
1232
1329
1325
1337
1208
1271
1305
1190
1204
1339
1341
1294
1332
1340
1309
1344
1360
1181
1272
1336
1351
1197
1214
1306
1365
1328
1350
1312
1194
1381
1349
1252
1226
1334
1235
1359
1374
1355
1207
1330
1185
1211
1267
1258
1384
1240
1370
1394
1389
1376
1237
1390
1241
1383
1400
1375
1191
1373
1221
1246
1256
1323
1242
1382
1398
1397
1263
1296
1298
1290
1277
1280
1195
1388
1319
1287
1402
1311
1395
1401
1407
1403
1396
1432
1300
1412
1304
1346
1279
1301
1426
1434
1446
1318
1310
1326
1445
1324
1417
1428
1308
1405
1354
1435
1273
1343
1448
1291
1342
1422
1288
1219
1345
1447
1362
1460
1338
1471
1442
1451
1303
1356
1361
1473
1364
1454
1377
1474
1464
1459
1278
1483
1456
1484
1488
1367
1458
1372
1352
1321
1363
1437
1289
1366
1411
1457
1443
1492
1482
1472
1493
1462
1368
1485
1467
1461
1501
1413
1387
1378
1487
1502
1391
1424
1380
1414
1420
1452
1512
1419
1348
1469
1509
1408
1425
1465
1322
1453
1399
1519
1476
1430
1525
1528
1511
1427
1522
1530
1379
1393
1529
1433
1431
1545
1418
1444
1510
1438
1409
1439
1455
1450
1549
1535
1392
1358
1333
1532
1436
1547
1385
1347
1421
1416
1537
1357
1440
1466
1478
1538
1560
1561
1536
1369
1470
1429
1404
1543
1491
1505
1335
1477
1441
1468
1540
1556
1386
1570
1551
1565
1517
1553
1590
1486
1552
1463
1481
1479
1371
1573
1592
1353
1581
1524
1563
1410
1515
1331
1498
1503
1520
1599
1585
1607
1589
1559
1423
1497
1499
1610
1612
1480
1613
1415
1496
1615
1526
1514
1518
1449
1495
1523
1500
1630
1506
1534
1597
1508
1623
1598
1632
1569
1600
1643
1639
1554
1640
1521
1611
1567
1582
1603
1504
1494
1583
1586
1562
1614
1634
1579
1633
1475
1516
1568
1656
1406
1490
1557
1617
1558
1546
1584
1644
1513
1539
1542
1489
1564
1628
1527
1575
1658
1669
1674
1668
1507
1578
1577
1684
1604
1677
1550
1686
1675
1681
1645
1541
1587
1593
1571
1651
1596
1692
1580
1667
1624
1647
1627
1591
1671
1629
1698
1705
1601
1631
1548
1566
1708
1635
1555
1572
1621
1622
1533
1709
1641
1665
1720
1660
1699
1531
1696
1620
1602
1711
1727
1625
1655
1618
1700
1588
1609
1574
1739
1661
1676
1594
1733
1687
1642
1616
1714
1723
1735
1576
1693
1648
1650
1753
1752
1544
1724
1606
1637
1670
1704
1608
1712
1685
1755
1595
1626
1605
1664
1736
1673
1695
1690
1743
1760
1666
1762
1707
1672
1772
1713
1769
1759
1653
1764
1773
1718
1766
1768
1778
1777
1788
1725
1731
1691
1802
1680
1776
1792
1663
1688
1790
1737
1751
1797
1803
1619
1808
1646
1787
1794
1689
1785
1682
1791
1636
1638
1812
1747
1746
1654
1806
1652
1742
1679
1796
1732
1817
1771
1770
1717
1678
1706
1811
1662
1843
1845
1774
1816
1659
1831
1839
1784
1722
1807
1780
1828
1825
1818
1701
1775
1738
1741
1854
1805
1767
1756
1754
1750
1848
1835
1728
1823
1740
1840
1826
1860
1849
1862
1763
1730
1795
1866
1837
1872
1858
1721
1857
1851
1799
1855
1800
1863
1716
1883
1885
1729
1765
1744
1894
1880
1789
1702
1874
1719
1878
1898
1786
1734
1875
1809
1745
1758
1798
1904
1819
1813
1757
1761
1779
1903
1887
1703
1833
1830
1897
1657
1801
1715
1909
1914
1748
1899
1911
1694
1726
1920
1649
1907
1822
1814
1902
1867
1697
1929
1892
1781
1938
1926
1944
1931
1930
1838
1856
1921
1950
1923
1932
1820
1952
1935
1906
1939
1951
1922
1956
1749
1934
1893
1957
1882
1940
1895
1871
1964
1861
1782
1962
1804
1834
1842
1870
1928
1836
1968
1824
1978
1974
1947
1959
1954
1960
1869
1886
1915
1859
1976
1888
1943
1793
1966
1683
1958
1973
1963
1993
1853
1827
1783
1982
2005
1891
1864
1829
1815
1998
1937
2001
1852
1841
1846
1832
1844
1847
1918
1901
2006
1995
1981
1913
2007
2000
1983
1961
1877
2010
1972
1945
1873
1925
1919
1881
1948
2022
1868
1994
1955
2009
1953
1936
2041
2003
2021
2032
2018
1949
2016
2026
1999
2048
2015
2038
1876
1997
2013
1850
1865
2056
1900
2011
2012
1879
2019
1910
2065
2059
2017
1989
1912
1890
2008
2063
2053
1941
2068
2045
1905
2069
2049
2066
2037
2076
1996
1984
2029
2039
1985
2046
2070
2055
1884
1889
1916
2092
2073
2082
1946
2078
2080
1975
1908
2067
2081
2079
1821
2086
1896
2074
2077
2030
1927
2087
2084
2023
2062
2109
2083
2111
2114
2126
1977
2091
2121
2123
1942
1991
2014
2124
2098
2127
2106
2129
2115
2095
2103
2027
2118
1992
1967
1924
2020
2139
2052
1970
2107
2002
2042
1965
2146
2058
1988
2033
2131
2028
2047
1990
1971
2125
2128
1986
2024
2149
2155
1979
2142
2153
1980
2057
2154
1917
2156
2134
2004
2044
2035
2147
2064
2145
2061
2071
2113
2031
2130
1933
2151
2171
2025
2093
2185
2179
2174
2169
2182
2181
2138
2162
2166
2187
2161
2034
2178
2198
2199
2112
2168
2196
2088
2177
2101
2104
2216
2176
2215
2043
2167
2212
2075
2165
2207
2040
1969
2036
1987
2102
2223
2201
2189
2230
2193
2194
2217
2208
2135
2164
2170
2214
2119
2158
2222
2072
2051
2096
2233
2206
2144
2116
2140
2122
2110
2099
2226
2210
2133
2117
2218
2245
2249
2244
2252
2253
2132
2054
2248
2150
2231
2257
2227
2183
2143
2256
2184
2097
2251
2219
2237
2157
2203
2240
2262
2276
2241
2279
2141
2247
2137
2060
2265
2108
2050
2282
2152
2120
2186
2294
2281
2293
2085
2258
2089
2188
2213
2200
2306
2285
2290
2090
2304
2172
2100
2307
2204
2295
2211
2173
2291
2275
2191
2278
2160
2190
2136
2280
2180
2284
2326
2273
2301
2267
2328
2205
2329
2337
2296
2318
2324
2197
2175
2315
2332
2333
2348
2195
2340
2336
2192
2325
2334
2341
2163
2225
2239
2342
2266
2321
2224
2209
2235
2327
2344
2232
2330
2220
2234
2355
2289
2269
2370
2250
2261
2268
2277
2272
2292
2369
2243
2263
2242
2347
2379
2259
2310
2148
2221
2302
2365
2105
2386
2297
2331
2298
2228
2398
2371
2393
2236
2354
2363
2270
2368
2322
2319
2375
2287
2392
2400
2238
2264
2311
2283
2372
2396
2389
2385
2339
2335
2374
2405
2407
2394
2402
2260
2373
2309
2406
2377
2418
2159
2412
2202
2421
2360
2274
2423
2404
2416
2300
2255
2413
2229
2425
2353
2299
2426
2254
2323
2361
2447
2401
2286
2380
2417
2288
2448
2428
2388
2399
2436
2312
2314
2415
2338
2271
2358
2349
2452
2397
2378
2464
2308
2438
2345
2246
2387
2450
2427
2451
2456
2424
2366
2362
2305
2350
2303
2317
2313
2461
2442
2454
2435
2489
2316
2490
2470
2346
2477
2419
2437
2483
2367
2459
2455
2508
2352
2381
2495
2501
2364
2357
2409
2382
2391
2395
2514
2488
2433
2403
2376
2429
2486
2473
2510
2518
2502
2521
2351
2320
2446
2410
2516
2533
2472
2359
2523
2390
2529
2465
2506
2422
2491
2479
2462
2503
2383
2540
2466
2534
2492
2440
2414
2553
2519
2434
2546
2460
2548
2512
2499
2469
2444
2566
2453
2554
2471
2567
2549
2541
2468
2544
2568
2411
2563
2557
2527
2356
2431
2432
2572
2555
2445
2408
2562
2420
2577
2570
2482
2484
2582
2588
2550
2591
2498
2481
2343
2384
2552
2535
2525
2586
2564
2593
2599
2595
2590
2439
2493
2441
2584
2604
2597
2579
2585
2609
2475
2587
2602
2458
2596
2513
2611
2600
2558
2616
2630
2504
2463
2443
2430
2617
2485
2457
2547
2551
2598
2565
2633
2601
2612
2480
2634
2627
2526
2507
2494
2622
2505
2478
2641
2569
2449
2628
2621
2520
2640
2656
2571
2524
2651
2576
2625
2642
2515
2545
2517
2509
2662
2511
2638
2528
2666
2537
2660
2476
2532
2487
2560
2655
2661
2672
2538
2659
2674
2530
2667
2573
2669
2496
2668
2623
2606
2615
2594
2676
2624
2575
2474
2592
2467
2673
2700
2691
2561
2580
2654
2684
2682
2706
2559
2574
2686
2539
2681
2578
2707
2542
2690
2694
2648
2717
2689
2702
2581
2716
2692
2730
2703
2697
2683
2543
2733
2620
2712
2583
2722
2531
2556
2680
2704
2695
2724
2522
2536
2738
2741
2631
2614
2732
2613
2618
2743
2719
2637
2739
2720
2758
2497
2626
2751
2607
2748
2685
2500
2752
2671
2632
2745
2728
2714
2753
2589
2756
2744
2766
2636
2645
2760
2698
2755
2635
2749
2665
2740
2769
2767
2761
2786
2687
2773
2783
2725
2776
2794
2639
2798
2603
2803
2678
2802
2762
2778
2785
2736
2711
2793
2677
2643
2664
2735
2670
2726
2747
2810
2610
2652
2789
2763
2788
2715
2808
2805
2608
2777
2718
2827
2709
2727
2815
2737
2823
2765
2657
2708
2824
2757
2834
2701
2699
2679
2839
2806
2729
2841
2605
2809
2750
2787
2764
2831
2774
2675
2653
2663
2705
2813
2647
2688
2754
2723
2731
2845
2820
2646
2650
2658
2713
2857
2844
2825
2710
2837
2866
2835
2828
2696
2644
2829
2775
2791
2619
2840
2836
2851
2878
2721
2877
2629
2858
2884
2734
2873
2868
2887
2862
2693
2848
2870
2795
2746
2811
2770
2898
2649
2906
2854
2771
2894
2902
2905
2908
2860
2886
2893
2772
2819
2909
2872
2801
2915
2782
2879
2822
2931
2925
2833
2742
2852
2926
2768
2814
2781
2880
2799
2881
2849
2876
2859
2918
2942
2930
2900
2919
2804
2943
2759
2911
2899
2816
2901
2792
2784
2924
2939
2797
2914
2910
2796
2956
2912
2923
2818
2960
2953
2917
2932
2935
2945
2940
2830
2826
2817
2904
2966
2846
2973
2967
2832
2807
2821
2985
2847
2838
2981
2896
2961
2888
2890
2991
2875
2874
2989
2790
2964
2853
2913
2855
2993
2903
2929
2891
2999
2869
2995
2779
2800
2986
2992
2916
2850
2959
2812
2895
2897
2843
2864
3008
2856
3009
2780
3012
2928
2907
3022
3004
2963
3024
2957
3027
2974
2955
2941
2977
3026
2882
3030
2933
3036
3038
2996
3020
3040
2972
2934
3043
3010
2892
3013
3003
3053
2958
3054
3018
2927
3023
2950
3055
2944
3025
2978
2951
2863
3001
3047
3021
2867
3016
2997
3017
2937
3058
3039
2865
2971
3052
2936
2938
2861
2947
2980
3057
3049
2982
2998
2871
2885
2948
2946
3079
3074
3086
3051
2994
2842
2889
3089
3060
3071
3065
3073
3000
2968
3080
3041
3029
3085
2969
3098
2970
2920
3046
2962
2952
3107
3044
3019
3097
3042
3034
3068
2922
3113
3114
3106
3078
2983
3032
3005
3119
3011
3002
3112
2979
3109
3031
3133
3007
3083
2987
3138
3035
3096
2976
2965
2975
2954
3116
3142
3148
3095
3134
2921
3006
3105
3122
3118
3117
3151
2883
3064
3156
3050
3165
3037
3087
3147
3130
2990
3033
3167
3145
3163
3125
3028
3015
3061
3014
3077
3150
3169
3152
3159
3173
3161
3094
3132
3162
3088
3126
3045
3099
3186
3154
3092
3160
3056
3146
3066
3176
3175
3127
3111
3100
3059
3128
3200
3075
3177
3164
3136
2988
2984
3048
2949
3062
3091
3093
3211
3190
3199
3201
3104
3067
3121
3223
3072
3110
3184
3081
3189
3225
3143
3210
3230
3195
3192
3193
3231
3084
3108
3120
3204
3115
3242
3209
3238
3063
3233
3137
3196
3070
3219
3228
3218
3069
3076
3102
3129
3101
3220
3090
3158
3178
3170
3248
3082
3235
3259
3166
3168
3141
3252
3266
3257
3246
3135
3172
3103
3258
3174
3123
3253
3237
3140
3254
3265
3243
3244
3264
3274
3286
3255
3285
3131
3277
3280
3188
3273
3291
3281
3180
3262
3171
3153
3297
3260
3157
3287
3310
3144
3299
3300
3308
3298
3294
3302
3216
3229
3284
3203
3207
3194
3181
3155
3224
3295
3251
3217
3319
3182
3124
3307
3191
3288
3149
3227
3317
3333
3303
3320
3338
3198
3335
3336
3139
3249
3247
3234
3349
3269
3261
3270
3332
3250
3236
3275
3239
3276
3289
3305
3346
3337
3212
3187
3279
3361
3360
3256
3326
3202
3342
3179
3309
3375
3371
3245
3222
3232
3334
3353
3301
3377
3352
3358
3370
3282
3374
3205
3226
3197
3381
3379
3183
3206
3283
3357
3385
3278
3241
3221
3215
3185
3368
3348
3395
3339
3382
3313
3350
3398
3406
3378
3263
3271
3208
3214
3412
3272
3415
3409
3408
3213
3394
3413
3418
3403
3417
3392
3405
3407
3426
3304
3314
3344
3387
3420
3423
3362
3425
3397
3430
3240
3428
3364
3380
3318
3322
3390
3292
3354
3341
3296
3438
3316
3411
3434
3401
3366
3416
3312
3359
3435
3315
3443
3388
3367
3452
3456
3465
3447
3462
3393
3396
3323
3383
3345
3327
3355
3450
3467
3404
3451
3439
3324
3455
3267
3400
3483
3476
3329
3475
3488
3410
3347
3486
3343
3363
3445
3389
3498
3493
3441
3500
3478
3472
3419
3365
3325
3331
3497
3496
3432
3311
3470
3513
3268
3328
3424
3290
3506
3495
3386
3499
3524
3502
3444
3490
3530
3373
3372
3457
3531
3399
3414
3330
3431
3489
3440
3384
3508
3453
3369
3541
3376
3321
3356
3481
3473
3525
3535
3351
3421
3306
3511
3520
3519
3460
3549
3534
3293
3468
3550
3494
3433
3461
3391
3562
3536
3515
3565
3532
3437
3561
3509
3436
3567
3402
3529
3482
3458
3449
3340
3429
3576
3448
3510
3571
3501
3555
3479
3454
3573
3480
3593
3544
3584
3575
3504
3594
3469
3517
3446
3598
3459
3591
3582
3477
3578
3474
3568
3554
3599
3492
3597
3542
3603
3422
3471
3614
3595
3442
3611
3485
3539
3569
3601
3523
3427
3624
3633
3609
3548
3533
3631
3547
3538
3528
3626
3543
3463
3505
3466
3605
3464
3620
3586
3570
3615
3540
3552
3630
3637
3512
3560
3484
3577
3647
3588
3634
3606
3558
3612
3545
3650
3564
3518
3546
3671
3619
3491
3557
3639
3627
3665
3583
3487
3652
3641
3587
3580
3680
3625
3527
3563
3682
3551
3572
3629
3559
3640
3642
3566
3521
3659
3691
3667
3653
3673
3581
3592
3600
3695
3503
3683
3700
3607
3685
3522
3604
3638
3590
3702
3579
3516
3690
3703
3718
3697
3610
3658
3537
3507
3693
3664
3716
3661
3646
3688
3674
3713
3719
3681
3585
3649
3692
3689
3707
3623
3589
3710
3514
3684
3696
3553
3618
3720
3712
3715
3727
3556
3709
3643
3654
3755
3645
3644
3662
3741
3526
3730
3679
3729
3736
3656
3726
3725
3668
3596
3613
3745
3749
3655
3724
3617
3672
3648
3763
3776
3782
3602
3765
3632
3747
3704
3616
3761
3669
3657
3701
3770
3748
3789
3714
3786
3797
3660
3739
3772
3784
3676
3796
3723
3677
3686
3622
3628
3694
3698
3792
3621
3635
3809
3738
3717
3705
3711
3687
3675
3825
3810
3735
3771
3733
3819
3757
3831
3744
3753
3728
3752
3764
3829
3832
3750
3734
3670
3828
3742
3808
3845
3731
3827
3743
3799
3699
3838
3804
3824
3821
3817
3759
3756
3846
3855
3574
3843
3854
3751
3830
3754
3815
3721
3839
3740
3746
3651
3766
3790
3780
3636
3858
3874
3608
3812
3774
3708
3871
3836
3835
3881
3818
3870
3722
3666
3803
3777
3778
3798
3877
3878
3785
3856
3678
3663
3769
3860
3879
3781
3899
3897
3706
3893
3787
3811
3904
3732
3737
3834
3807
3788
3910
3903
3905
3762
3880
3907
3768
3795
3760
3861
3822
3767
3920
3914
3873
3826
3896
3758
3930
3823
3840
3865
3859
3793
3779
3773
3814
3942
3805
3936
3939
3800
3937
3888
3931
3802
3911
3895
3844
3935
3850
3848
3862
3853
3917
3775
3806
3849
3852
3940
3926
3924
3955
3909
3813
3837
3960
3820
3816
3863
3842
3929
3921
3833
3956
3801
3922
3851
3976
3872
3906
3857
3958
3889
3957
3867
3950
3869
3963
3891
3894
3864
3876
3979
3868
3973
3943
3928
3949
3783
3794
3791
3982
3951
3968
3970
3902
3978
3945
3980
3983
3999
3994
4007
3988
4005
4001
3996
3913
3875
3882
3986
3992
3977
3916
3981
3901
3841
3892
3884
3847
4033
3908
3947
3900
4015
3886
3919
3952
3984
3933
4023
3912
4045
3925
4008
3998
4043
3918
4026
4011
4037
4032
4017
3866
4034
3898
4046
3946
4016
4041
4047
3890
4042
3941
4069
4002
4000
3944
3972
4077
4074
4076
3938
4067
3923
3883
3954
4072
3965
4062
3995
3953
3948
3971
3989
3975
4049
3934
3967
3932
4086
4088
4092
4089
4091
3959
3964
3974
4059
4018
3962
4004
4019
4099
3997
4083
4079
4051
3885
4105
4118
4028
4109
4107
3887
3985
4120
4044
4031
3961
3915
3927
3990
4130
3991
4075
4056
4122
4030
4009
4113
4029
4098
4078
4010
4021
4138
4038
4068
4135
4128
4110
4149
4127
4143
4012
4014
4027
4141
4132
4123
4134
4084
4126
4116
3969
4145
3987
4003
4058
4156
4006
4024
4160
4158
4137
4039
4108
4048
4103
4025
3993
4168
4155
3966
4054
4013
4106
4090
4087
4080
4053
4063
4035
4096
4093
4052
4057
4183
4097
4104
4185
4071
4192
4081
4165
4199
4173
4020
4151
4040
4205
4162
4178
4174
4055
4179
4095
4190
4186
4166
4170
4136
4065
4211
4125
4064
4142
4100
4101
4085
4198
4204
4214
4164
4195
4082
4060
4229
4129
4227
4061
4187
4184
4153
4022
4219
4073
4094
4233
4154
4239
4121
4140
4102
4050
4070
4111
4114
4112
4237
4228
4213
4036
4242
4235
4241
4216
4254
4152
4161
4066
4240
4124
4177
4245
4117
4247
4167
4252
4273
4115
4159
4221
4157
4163
4275
4251
4189
4256
4225
4278
4283
4258
4281
4274
4259
4172
4246
4171
4289
4277
4268
4148
4181
4288
4280
4144
4220
4253
4210
4279
4196
4305
4119
4175
4146
4285
4203
4306
4276
4139
4293
4169
4315
4311
4294
4200
4316
4208
4301
4296
4215
4292
4176
4150
4264
4133
4188
4321
4232
4147
4182
4325
4295
4334
4309
4347
4327
4222
4207
4226
4197
4297
4349
4339
4238
4331
4323
4209
4230
4223
4357
4261
4350
4191
4346
4329
4356
4206
4330
4217
4360
4312
4314
4317
4359
4265
4352
4361
4363
4201
4244
4212
4364
4367
4194
4202
4362
4234
4180
4372
4370
4271
4266
4224
4243
4263
4366
4236
4231
4397
4383
4250
4386
4365
4380
4381
4257
4249
4389
4303
4401
4382
4390
4387
4269
4385
4338
4415
4408
4410
4411
4286
4262
4405
4255
4260
4193
4351
4419
4348
4319
4420
4248
4326
4423
4422
4354
4304
4414
4412
4429
4307
4324
4407
4434
4427
4344
4371
4328
4218
4355
4409
4416
4424
4336
4291
4436
4322
4432
4320
4342
4270
4368
4428
4439
4298
4438
4446
4406
4302
4310
4441
4457
4448
4421
4449
4430
4426
4343
4475
4378
4461
4460
4477
4284
4300
4282
4467
4465
4267
4299
4290
4308
4340
4456
4479
4458
4333
4287
4388
4377
4459
4491
4473
4391
4379
4318
4484
4332
4492
4394
4472
4395
4494
4384
4396
4482
4487
4493
4392
4373
4418
4502
4376
4505
4489
4272
4431
4508
4507
4514
4498
4353
4454
4313
4504
4501
4500
4497
4526
4506
4335
4515
4524
4537
4495
4525
4518
4337
4528
4345
4545
4512
4435
4513
4433
4341
4523
4548
4527
4533
4556
4404
4413
4536
4563
4529
4538
4531
4550
4535
4496
4417
4486
4565
4510
4543
4374
4574
4542
4558
4555
4503
4471
4568
4584
4562
4553
4586
4369
4577
4588
4437
4402
4400
4443
4375
4572
4452
4579
4569
4393
4358
4571
4599
4585
4604
4399
4453
4398
4403
4468
4425
4578
4606
4600
4596
4488
4466
4499
4462
4509
4469
4609
1710
4602
4455
4476
4583
4594
4546
4576
4623
4598
4480
4610
4447
4444
4625
4463
4474
4624
4549
4544
4627
4626
4589
4478
4617
4592
4628
4511
4640
4639
4635
4522
4634
4470
4450
4451
4552
4519
4560
4481
4440
4464
4616
4644
4618
4540
4485
4557
4582
4539
4641
4566
4647
4643
4666
4547
4629
4521
4672
4679
4660
4607
4670
4591
4559
4517
4534
4659
4581
4675
4590
4691
4483
4653
4684
4680
4587
4564
4671
4442
4682
4688
4699
4561
4686
4687
4700
4573
4445
4595
4551
4637
4567
4701
4658
4705
4613
4693
4725
4632
4554
4575
4723
4608
4636
4601
4717
4622
4704
4709
4633
4612
4603
4727
4702
4650
4593
4734
4726
4738
4662
4530
4490
4649
4520
4646
4710
4663
4743
4615
4597
4570
4630
4711
4732
4611
4532
4665
4720
4645
4614
4621
4735
4631
4541
4689
4740
4664
4757
4748
4654
4661
4655
4741
4648
4690
4771
4746
4751
4673
4777
4772
4758
4516
4620
4767
4755
4619
4642
4750
4762
4676
4754
4667
4765
4775
4749
4773
4706
4580
4760
4683
4652
4764
4787
4790
4752
4605
4780
4784
4669
4718
4763
4804
4800
4809
4766
4799
4778
4759
4810
4681
4739
4795
4822
4815
4715
4814
4820
4729
4714
4817
4807
4796
4694
4708
4816
4831
4685
4698
4736
4724
4830
4794
4674
4730
4731
4677
4786
4657
4818
4838
4656
4678
4722
4703
4801
4813
4840
4852
4651
4747
4696
4782
4864
4868
4826
4855
4836
4668
4742
4776
4768
4875
4837
4745
4697
4761
4842
4847
4884
4774
4797
4874
4712
4856
4845
4879
4883
4881
4783
4869
4888
4857
4638
4872
4803
4789
4721
4692
4862
4850
4713
4779
4770
4753
4756
4863
4900
4744
4808
4707
4769
4876
4791
4695
4785
4716
4901
4902
4911
4898
4899
4916
4806
4728
4924
4920
4926
4877
4893
4891
4917
4889
4824
4827
4844
4719
4921
4935
4823
4910
4829
4812
4854
4805
4907
4733
4897
4894
4841
4913
4947
4931
4839
4833
4943
4853
4851
4792
4903
4811
4949
4909
4905
4933
4793
4966
4930
4886
4964
4871
4942
4834
4828
4802
4928
4861
4975
4977
4873
4835
4976
4961
4948
4937
4832
4887
4984
4781
4821
4848
4798
4819
4825
4858
4994
4992
4965
4989
4971
4979
4849
4951
4958
4972
4890
4788
4962
4999
4866
4870
4892
4737
4914
4859
4882
4983
5003
5013
5010
5020
4978
4974
4996
5019
4915
4865
4981
4867
4885
5028
5037
5007
4940
5033
4906
5023
5025
4896
4925
5012
4941
5044
4938
4922
4944
5027
5045
4991
4988
4956
5000
4959
5015
5049
4923
4880
5042
4950
5021
5011
5034
5006
5056
5038
4912
5070
5058
5035
4878
4952
5064
4955
4985
4968
5017
5080
5083
4987
4990
4957
5024
4904
5074
4969
4945
4918
5084
4843
5047
5087
4860
5062
5055
5065
5052
4980
4946
4995
5097
5053
5095
5009
5026
4993
5078
4973
5092
5109
5001
4960
5069
5016
5002
4929
5112
5101
4927
5090
5066
4934
5032
5117
5085
4932
5113
5122
5096
4919
5124
5031
5121
5008
5014
5004
5131
4970
5126
4998
4908
5132
4982
5127
5040
5119
4936
5146
5022
4954
4997
5137
5068
5118
5005
5149
5043
5111
4963
5114
4846
5063
5144
4939
5162
5160
5075
5159
5048
5129
5136
5046
5167
5054
5176
4953
5151
5100
5091
5164
5030
5067
5076
5175
4895
5072
5143
5104
5186
5171
4986
5155
5150
5060
5057
5141
5174
5169
5077
5154
5170
5018
4967
5147
5195
5173
5039
5071
5202
5133
5094
5204
5029
5089
5197
5206
5208
5179
5213
5182
5061
5157
5041
5199
5130
5198
5224
5223
5128
5158
5216
5227
5036
5108
5116
5051
5082
5209
5200
5219
5073
5110
5106
5168
5099
5239
5203
5229
5142
5222
5125
5217
5211
5088
5081
5115
5232
5215
5250
5226
5148
5221
5138
5242
5123
5237
5153
5166
5172
5163
5177
5260
5267
5264
5246
5265
5161
5086
5252
5178
5192
5241
5276
5139
5181
5107
5187
5258
5243
5156
5278
5274
5285
5140
5201
5050
5282
5286
5102
5190
5098
5262
5304
5272
5103
5059
5120
5291
5299
5308
5314
5303
5079
5305
5281
5269
5284
5311
5135
5312
5251
5289
5152
5180
5295
5277
5145
5105
5283
5323
5257
5332
5319
5290
5317
5184
5335
5310
5336
5337
5189
5275
5256
5280
5316
5313
5279
5188
5349
5307
5220
5347
5205
5247
5228
5134
5253
5249
5356
5165
2094
5191
5330
5324
5244
5355
5363
5194
5214
5212
5233
5225
5326
5183
5300
5352
5238
5370
5350
5351
5369
5218
5185
5328
5357
5361
5333
5376
5196
5193
5288
5379
5380
5231
5234
5391
5266
5396
5395
5359
5372
5381
5318
5259
5230
5385
5368
5388
5386
5248
5400
5392
5245
5409
5397
5273
5210
5344
5412
5322
5374
5364
5293
5287
5297
5415
5398
5403
5390
5296
5402
5366
5292
5325
5423
5207
5428
5343
5429
5348
5345
5342
5298
5434
5394
5405
5341
5411
5331
5441
5430
5426
5417
5424
5450
5455
5421
5425
5453
5254
5240
5321
5447
5438
5437
5467
5448
5446
5459
5444
5382
5389
5353
5270
5432
5454
5302
5464
5468
5404
5261
5255
5443
5481
5476
5466
5320
5472
5301
5469
5387
5358
5475
5309
5471
5483
5479
5477
5418
5315
5494
5496
5346
5268
5327
5492
5294
5488
5491
5360
5383
5487
5511
5480
5271
5334
5498
5235
5514
5413
5442
5339
5306
5522
5371
5507
5518
5365
5236
5510
5484
5499
5435
5501
5384
5263
5509
5515
5527
5440
5516
5340
5422
5329
5521
5533
5529
5377
5530
5504
5406
5367
5354
5539
5378
5362
5536
5544
5532
5393
5436
5547
5512
5517
5399
5550
5373
5560
5559
5554
5486
5401
5563
5568
5570
5542
5458
5571
5451
5575
5505
5439
5465
5462
5557
5452
5586
5457
5583
5420
5407
5585
5555
5508
5598
5580
5558
5584
5567
5470
5587
5579
5588
5419
5414
5431
5595
5526
5338
5605
5581
5590
5608
5599
5594
5610
5592
5614
5553
5612
5613
5456
5623
5525
5600
5461
5628
5433
5460
5478
5463
5520
5473
5503
5609
5416
5519
5375
5627
5427
5630
5578
5561
5445
5408
5636
5616
5642
5643
5489
5538
5596
5633
5644
5410
5548
5566
5528
5640
5634
5651
5649
5577
5535
5624
5574
5648
5552
5652
5641
5506
5603
5658
5564
5582
5653
5569
5551
5639
5534
5615
5611
5665
5490
5673
5681
5619
5669
5683
5482
5679
5690
5493
5449
5602
5674
5667
5655
5666
5502
5637
5676
5573
5601
5513
5695
5680
5705
5565
5500
5650
5485
5693
5524
5537
5668
5662
5497
5707
5545
5540
5604
5697
5719
5672
5591
5685
5523
5572
5682
5723
5671
5543
5622
5688
5631
5632
5718
5597
5702
5606
5531
5546
5694
5626
5689
5734
5687
5607
5709
5744
5646
5746
5741
5635
5541
5629
5692
5620
5738
5495
5742
5751
5768
5749
5750
5617
5728
5714
5625
5684
5691
5686
5589
5721
5775
5739
5618
5576
5556
5776
5664
5767
5764
5659
5778
5733
5773
5745
5562
5657
5779
5647
5754
5766
5785
5663
5774
5736
5787
5781
5756
5549
5799
5675
5797
5703
5800
5780
5593
5777
5784
5761
5696
5793
5816
5758
5813
5704
5808
5713
5809
5804
5783
5724
5817
5715
5796
5825
5661
5645
5699
5827
5814
5791
5830
5803
5821
5735
5731
5729
5840
5802
5823
5730
5837
5712
5732
5772
5811
5762
5829
5843
5757
5844
5747
5638
5763
5737
5760
5654
5722
5720
5621
5698
5838
5752
5842
5725
5864
5857
5788
5656
5670
5869
5866
5660
5865
5678
5852
5863
5854
5853
5872
5740
5835
5700
5677
5888
5755
5885
5868
5882
5769
5890
5810
5834
5717
5771
5753
5867
5798
5892
5794
5711
5792
5822
5815
5909
5759
5906
5860
5911
5716
5901
5726
5833
5824
5701
5915
5770
5819
5832
5899
5743
5795
5708
5786
5886
5881
5818
5839
5789
5903
5727
5879
5874
5908
5932
5828
5929
5931
5782
5855
5805
5875
5790
5922
5870
5942
5933
5765
5947
5891
5921
5941
5938
5859
5820
5845
5806
5934
5946
5748
5927
5940
5812
5846
5955
5944
5907
5801
5856
5962
5924
5960
5807
5961
5926
5969
5937
5964
5977
5923
5982
5948
5970
5979
5836
5873
5841
5883
5914
5989
5985
5889
5877
5974
5862
5984
5847
5858
5998
5896
5887
5975
5893
5894
5884
5994
5983
5910
5849
5978
5710
5880
5831
5871
5981
5996
5991
5900
6000
5895
5861
6018
5876
6002
5928
5993
6024
5851
6016
5992
5997
6032
5878
6013
5902
5943
6021
5912
6010
6036
6037
6009
6033
6011
6020
6040
6005
5826
5897
6046
5898
5848
6012
6051
6027
5919
5917
5916
5918
6014
6059
6022
6031
6054
6063
6067
6066
6030
6035
5966
5954
5935
5936
5972
6062
6065
5958
6076
6055
5925
6056
5957
6041
6080
5967
6078
5959
5951
6050
6075
5968
6086
6084
5963
6082
6038
5999
5920
5850
6061
5952
6085
5971
6077
6081
6087
6114
6025
6015
5953
5949
6070
5950
6106
6006
6004
5987
5980
6122
6108
5939
6003
6029
6048
6079
6043
6088
6047
6060
6008
6109
6023
5913
6113
5930
6073
6045
6127
6124
6058
6119
5945
6071
6064
6135
6007
6118
6110
6144
6115
6148
6140
6044
6028
6123
6068
6001
6017
6134
6049
6090
5976
6039
6057
6042
5905
6163
6034
6165
6170
6053
6160
6139
6172
5973
6107
6096
6158
6174
6095
6149
6176
6093
6179
6173
6164
6193
6153
6192
6168
6182
6195
6194
6184
6026
5995
6136
6180
5990
6183
5956
6092
6019
6143
6203
6206
6132
6207
6111
6116
6098
6138
6103
6100
5988
6209
6104
6156
6083
6202
6089
5965
6218
6175
5986
6052
6220
4131
6154
6105
6097
6159
6161
6217
6150
6126
6169
6221
6099
6226
6225
6231
6121
6072
6240
6131
6237
6166
6245
6246
6117
6141
6185
6069
6243
6146
6142
6120
6125
6241
6230
6112
6130
6239
6244
6236
6094
6248
6190
6155
6274
6102
6167
6256
6249
6177
6269
6279
5706
6147
6250
6189
6252
6145
6260
6074
6233
6208
6287
6266
6196
6181
6171
6265
6283
6270
6293
6289
6294
6228
6276
6213
6259
6199
6296
6302
6284
6200
6191
6297
6091
6205
6188
6268
6280
6315
6157
6204
6128
6308
6162
6295
6299
6298
6305
6210
6224
6311
6306
6214
6198
6219
6151
6187
6334
6251
6242
6333
6178
6309
6322
6215
6129
6343
6319
6326
6271
6232
6255
6328
6320
6356
6133
6238
6275
6347
6277
6361
6323
6197
6212
6101
6339
6349
6286
6186
6229
6292
6152
6282
6338
6234
6377
6360
6357
6201
6262
6363
6313
6331
6222
6278
6358
6370
6304
6273
6392
6375
6254
6257
6373
6380
6374
6216
6367
6368
6395
6394
6223
6310
6389
6316
6398
6386
6247
6211
6397
6406
6410
6404
6381
6137
6324
6318
6415
6258
6264
6403
6402
6330
6321
6393
6341
6422
6261
6430
6366
6429
6351
6317
6401
6335
6353
6336
6327
6300
6332
6421
6400
6396
6344
6437
6431
6369
6355
6436
6407
6301
6379
6285
6448
6267
6314
6325
6354
6424
6288
6432
6418
6452
6307
6427
6454
6227
6263
6419
6290
6385
6440
6346
6281
6464
6272
6457
6453
6441
6371
6451
6350
6253
6364
6423
6455
6359
6477
6433
6449
6303
6469
6481
6463
6466
6474
6458
6490
6470
6497
6489
6345
6500
6291
6482
6337
6501
6329
6485
6472
6465
6488
6340
6508
6514
6518
6467
6484
6475
6388
6384
6372
6411
6348
6520
6399
6391
6494
6426
6416
6405
6312
6512
6509
6383
6519
6513
6535
6515
6511
6342
6532
6390
6382
6516
6537
6522
6439
6413
6545
6459
6438
6461
6541
6539
6525
6468
6365
6362
6531
6417
6425
6530
6408
6527
6549
6524
6378
6376
6352
6564
6414
6480
6550
6492
6387
6567
6552
6444
6563
6435
6554
6471
6582
6578
6538
6412
6583
6493
6504
6428
6548
6528
6571
6499
6572
6576
6542
6586
6442
6498
6479
6568
6450
6595
6588
6584
6445
6593
6579
6446
6420
6447
6608
6574
6589
6523
6495
6534
6483
6546
6598
6590
6592
6478
6409
6612
6622
6587
6456
6626
6607
6462
6633
6573
6521
6526
6517
6502
6487
6610
6533
6635
6647
6604
6625
6642
6594
6644
6543
6602
6613
6506
6434
6648
6614
6551
6496
6655
6476
6634
6654
6510
6529
6624
6507
6667
6651
6629
6460
6640
6560
6473
6491
6601
6606
6558
6615
6556
6585
6505
6676
6486
6566
6668
6638
6665
6536
6443
6503
6559
6683
6547
6688
6605
6650
6562
6553
6544
6652
6570
6561
6686
6660
6663
6661
6645
6674
6597
6690
6575
6569
6702
6703
6692
6666
6658
6698
6715
6671
6685
6641
6600
6617
6708
6557
6717
6653
6724
6596
6565
6591
6730
6723
6577
6540
6639
6628
6729
6555
6699
6728
6618
6611
6620
6581
6752
6740
6627
6750
6649
6657
6669
6721
6757
6691
6726
6710
6718
6580
6662
6753
6763
6769
6616
6761
6705
6707
6775
6759
6742
6679
6771
6695
6701
6664
6774
6725
6656
6746
6682
6693
6684
6672
6744
6739
6643
6754
6779
6678
6731
6749
6603
6758
6631
6636
6677
6770
6630
6632
6790
6789
6745
6755
6777
6675
6619
6637
6778
6786
6766
6788
6646
6687
6697
6680
6808
6733
6791
6812
6825
6727
6795
6783
6799
6670
6827
6712
6623
6817
6820
6609
6694
6807
6706
6689
6798
6768
6599
6720
6832
6741
6800
6804
6850
6811
6848
6835
6813
6713
6711
6846
6815
6858
6826
6735
6834
6831
6719
6818
6748
6734
6869
6840
6847
6859
6836
6867
6838
6855
6871
6868
6802
6621
6803
6751
6829
6866
6704
6870
6700
6784
6773
6732
6884
6736
6796
6709
6764
6762
6887
6781
6882
6681
6824
6765
6756
6860
6696
6738
6885
6843
6822
6821
6793
6908
6787
6893
6809
6876
6716
6878
6856
6874
6891
6905
6906
6837
6877
6785
6897
6737
6923
6920
6673
6894
6743
6930
6760
6747
6714
6772
6904
6797
6659
6780
6841
6896
6776
6913
6801
6852
6873
6895
6823
6862
6816
6910
6931
6767
6849
6900
6814
6819
6828
6953
6911
6943
6830
6944
6844
6782
6926
6924
6963
6950
6853
6912
6940
6722
6863
6857
6967
6805
6794
6972
6845
6806
6965
6945
6962
6938
6985
6973
6968
6984
6851
6981
6977
6854
6839
6914
6958
6978
6792
6987
6986
6907
6966
6954
7002
6842
6909
6892
6899
6918
6997
6980
6961
6959
6901
7006
6990
6951
6995
6974
6979
6879
6890
7001
6939
6993
6916
6865
6915
7004
6949
6941
6903
6921
6919
7009
6948
7013
6902
6886
6929
7021
7015
6898
7020
7040
7036
6810
6922
7028
7012
6875
7030
6872
7054
7053
7045
6927
7031
6975
7048
6934
6935
7039
7050
7057
7042
7011
7003
7062
6969
7029
7034
7052
6946
7008
6937
7071
7064
7063
7074
7066
6999
7058
7082
7065
7051
7046
7069
6988
6982
7076
7043
7067
7080
6983
7041
7016
7027
7025
7087
7103
6976
7091
7102
7093
6970
6957
7083
6992
6991
7022
7111
6864
7017
6994
7086
7092
7019
6880
7106
7110
6971
6833
6928
6952
7116
6942
7118
6888
6936
7099
7023
7104
7026
6889
7096
7121
7123
7125
6947
7113
6917
6933
7107
7115
6883
6998
7117
7075
7100
6956
7126
7109
6881
7005
7112
7061
7047
7037
6925
7147
6960
7055
6932
6964
7049
7033
7124
7073
7149
7135
7137
7090
7014
7070
6861
7133
7038
7119
7094
7139
7089
7000
7131
7060
7122
7129
7032
7145
7130
7138
7154
7095
7188
6996
7180
7184
7144
7156
6989
7190
7178
7175
7158
7068
7101
7018
7024
7187
7163
7167
7189
7181
7157
7098
7159
7056
7010
7192
6955
7084
7183
7201
7035
7200
7182
7176
7173
7007
7195
7169
7196
7166
7203
7059
7208
7212
7072
7077
7078
7224
7216
7044
7215
7232
7105
7198
7233
7218
7186
7136
7097
7255
7202
7209
7250
7234
7260
7229
7237
7230
7240
7150
7247
7242
7204
7155
7243
7263
7222
7217
7244
7174
7249
7148
7274
7273
7120
7280
7088
7171
7146
7278
7161
7153
7160
7172
7141
7257
7214
7143
7276
7194
7168
7258
7245
7114
7267
7271
7228
7272
7283
7248
7281
7197
7270
7259
7291
7140
7219
7221
7210
7294
7288
7309
7085
7293
7185
7297
7152
7151
7304
7162
7313
7225
7191
7254
7321
7320
7289
7316
7231
7205
7307
7325
7328
7285
7193
7079
7323
7170
7301
7134
7220
7310
7296
7327
7335
7315
7326
7246
7319
7128
7081
7262
7300
7253
7265
7318
7352
7241
7256
7306
7127
7227
7360
7330
7179
7324
7269
7290
7342
7358
7266
7275
7286
7132
7252
7380
7343
7264
7235
7340
7295
7226
7164
7379
7364
7206
7108
7177
7332
7354
7350
7142
7213
7277
7387
7377
7374
7207
7388
7292
7370
7389
7238
7372
7394
7251
7311
7348
7375
7299
7211
7165
7392
7336
7396
7317
7302
7268
7383
7413
7397
7391
7378
7284
7357
7223
7395
7369
7382
7337
7414
7341
7409
7239
7261
7305
7427
7308
7402
7279
7434
7351
7322
7426
7386
7428
7432
7236
7441
7418
7312
7329
7298
7346
7450
7448
7371
7445
7423
7457
7455
7438
7338
7449
7459
7456
7345
7467
7440
7366
7443
7381
7349
7356
7282
7460
7439
7347
7334
7461
7287
7384
7339
7435
7422
7365
7473
7355
7446
7400
7376
7303
7363
7331
7314
7353
7393
7487
7491
7407
7482
7484
7367
7373
7497
7486
7416
7398
7478
7483
7429
7417
7412
7480
7507
7415
7494
7509
7333
7452
7433
7420
7458
7404
7421
7390
7477
7406
7425
7511
7496
7520
7403
7499
7515
7385
7431
7408
7514
7430
7361
7536
7444
7368
7436
7513
7532
7405
7399
7462
7437
7359
7463
7447
7401
7531
7543
7512
7442
7517
7411
7419
7410
7529
7344
7424
7561
7526
7510
7537
7451
7552
7362
7530
7572
7540
7551
7523
7548
7562
7553
7464
7466
7558
7559
7582
7574
7557
7579
7544
7556
7590
7591
7555
7476
7470
7474
7589
7495
7565
7595
7580
7488
7522
7569
7519
7597
7586
7501
7506
7585
7594
7593
7472
7576
7465
7504
7516
7489
7498
7503
7468
7490
7521
7609
7524
7475
7615
7481
7500
7613
7625
7493
7508
7471
7454
7560
7608
7479
7563
7538
7502
7606
7619
7622
7612
7453
7611
7534
7535
7637
7633
7642
7550
7631
7614
7610
7518
7546
7629
7527
7639
7528
7634
7645
7599
7469
7647
7616
7485
7571
7662
7641
7492
7667
7650
7620
7505
7669
7525
7581
7656
7664
7567
7630
7533
7660
7676
7678
7564
7542
7674
7646
7657
7578
7545
7652
7670
7654
7697
7573
7592
7683
7696
7618
7587
7623
7677
7663
7584
7691
7698
7602
7700
7596
7566
7671
7575
7686
7708
7541
7704
7702
7570
7680
7685
7703
7626
7692
7690
7712
7706
7687
7547
7554
7719
7701
7635
7638
7699
7730
7583
7568
7632
7713
7731
7729
7539
7734
7603
7722
7717
7723
7716
7738
7741
7727
7756
7735
7627
7757
7640
7758
7746
7577
7605
7707
7749
7588
7762
7765
7643
7549
7764
7636
7770
7747
7726
7665
7672
7617
7679
7759
7621
7648
7753
7598
7649
7743
7781
7745
7772
7624
7600
7775
7768
7628
7658
7761
7766
7787
7788
7784
7755
7794
7655
7748
7710
7644
7771
7694
7604
7799
7601
7782
7797
7792
7803
7711
7804
7807
7728
7673
7778
7666
7814
7689
7739
7810
7801
7720
7816
7607
7832
7823
7802
7751
7828
7817
7659
7831
7789
7840
7830
7833
7705
7812
7826
7838
7835
7837
7827
7839
7819
7843
7744
7740
7849
7695
7661
7845
7715
7750
7714
7742
7709
7653
7668
7688
7783
7836
7760
7851
7848
7681
7682
7684
7847
7869
7853
7721
7725
7732
7870
7675
7754
7874
7867
7752
7724
7859
7879
7651
7793
7767
7887
7855
7884
7864
7896
7899
7796
7900
7733
7737
7736
7769
7885
7779
7881
7808
7903
7857
7880
7873
7892
7795
7910
7918
7805
7907
7780
7904
7718
7776
7693
7773
7791
7824
7919
7785
7897
7777
7928
7821
7774
7908
7800
7930
7825
7920
7891
7811
7933
7932
7929
7943
7818
7938
7834
7841
7939
7893
7935
7820
7786
7951
7813
7960
7959
7936
7890
7829
7947
7949
7955
7941
7763
7940
7866
7889
7854
7964
7954
7850
7865
7952
7974
7948
7961
7856
7878
7809
7846
7950
7895
7863
7886
7888
7852
7861
7894
7882
7877
7815
7898
7790
7872
7977
7876
7822
7842
7969
7868
7989
7980
7987
7996
7924
7931
7915
8005
7982
7979
7798
7985
7970
7971
7860
8003
7983
7917
8020
8011
8009
7901
7926
7906
7806
7875
8006
7988
8002
7871
7914
7975
7923
7990
7883
8033
8024
7978
8016
7858
8030
7902
8037
8038
7912
8035
8027
7991
8034
8048
8042
8001
8036
8041
8043
8059
8047
7862
7922
7945
8051
7967
8029
7957
7958
8061
8000
7962
7953
7942
8077
8046
8056
8065
7976
8067
7963
8052
7925
8057
8083
7934
7946
8062
8085
8007
7993
8014
7997
7916
8068
7966
8088
8004
7956
7972
8100
8013
7998
7927
7992
7984
7968
7981
8103
8010
8094
8089
8111
7973
8019
8012
7986
7911
8032
8017
8093
8078
7995
8113
7905
8044
8097
8107
7937
8121
8101
7913
8109
8021
8055
7965
8140
8143
8132
8148
8138
8114
8139
8049
8018
7944
8123
8146
8108
7909
8026
8040
8136
8069
8122
8151
7999
8119
8060
8133
8022
8141
8058
8129
8015
8161
8130
8154
8153
8131
8150
8039
8158
8149
8137
8025
8050
8169
8170
8105
8071
8110
8086
8023
8070
8167
7994
8079
8075
8053
8188
8191
8098
8080
8184
8165
8185
8064
8126
8203
8115
8102
8116
8072
8092
8063
8163
8118
8187
8206
8045
8084
8211
8008
8144
8104
8142
8054
8073
8081
8120
8195
8128
8076
8096
8186
8028
8066
8095
8082
8031
8217
8232
8218
8204
8213
8235
8196
8210
8219
8112
8216
8215
8233
8162
8224
8087
8135
8221
8152
8212
8074
8156
8228
8090
8242
8099
8157
8229
8240
8181
8253
8202
8175
8199
8192
8231
5474
8247
8091
8243
8117
8265
8248
8262
8127
8241
8261
8171
8278
8155
8147
8269
8286
8281
8284
8276
8254
8252
8124
8166
8283
8279
8160
8272
8280
8178
8292
8288
8173
8259
8294
8106
8168
8300
8270
8164
8200
8308
8309
8282
8307
8190
8304
8297
8298
8177
8174
8222
8208
8180
8236
8295
8220
8125
8289
8268
8315
8145
8176
8230
8134
8314
8290
8303
8226
8245
8194
8223
8251
8172
8274
8238
8324
8317
8301
8183
8159
8330
8197
8325
8271
8179
8318
8250
8322
8207
8198
8201
8344
8342
8189
8249
8336
8321
8361
8239
8311
8214
8343
8323
8337
8357
8246
8260
8277
8379
8340
8341
8365
8296
8380
8354
8345
8327
8355
8374
8376
8258
8375
8377
8205
8234
8291
8237
8386
8255
8402
8312
8328
8257
8273
8182
8316
8362
8378
8305
8383
8193
8351
8302
8209
8225
8227
8285
8287
8313
8396
8394
8275
8404
8392
8412
8405
8408
8428
8347
8306
8414
8401
8348
8346
8391
8400
8334
8256
8319
8338
8331
8417
8267
8332
8329
8439
8407
8423
8427
8244
8436
8368
8421
8353
8310
8450
8429
8462
8356
8366
8339
8449
8442
8452
8384
8399
8264
8437
8370
8360
8467
8455
8457
8445
8363
8335
8418
8433
8451
8409
8387
8459
8369
8372
8416
8465
8403
8419
8395
8398
8473
8484
8480
8430
8478
8333
8367
8266
8293
8359
8352
8263
8411
8390
8466
8463
8350
8492
8472
8479
8440
8434
8358
8476
8320
8481
8385
8496
8420
8424
8389
8425
8486
8498
8510
8388
8513
8422
8499
8503
8443
8507
8502
8349
8527
8511
8488
8393
8426
8493
8364
8326
8381
8541
8373
8464
8535
8523
8397
8299
8406
8371
8382
8539
8413
8538
8522
8545
8544
8432
8431
8410
8534
8532
8542
8520
8549
8461
8469
8550
8553
8556
8562
8559
8438
8482
8531
8536
8566
8564
8546
8458
8574
8577
8572
8580
8551
8475
8586
8590
8447
8477
8560
8573
8453
8554
8584
8568
8460
8595
8533
8518
8470
8594
8471
8585
8491
8555
8579
8446
8592
8582
8575
8435
8448
8506
8588
8593
8454
8495
8441
8548
8613
8616
8605
8603
8617
8504
8601
8490
8474
8622
8621
8606
8512
8623
8524
8610
8516
8615
8415
8614
8505
8624
8483
8630
8599
8646
8540
8517
8529
8509
8514
8627
8598
8625
8629
8501
8456
8444
8537
8508
8552
8547
8567
8526
8521
8619
8530
8640
8642
8663
8563
8652
8660
8661
8576
8519
8648
8602
8570
8683
8557
8659
8500
8656
8680
8487
8667
8569
8578
8607
8525
8676
8674
8691
8611
8677
8681
8591
8696
8497
8682
8695
8468
8687
8679
8489
8515
8700
8711
8701
8608
8600
8686
8704
8708
8690
8697
8612
8712
8528
8715
8587
8596
8722
8713
8707
8631
8693
8632
8719
8628
8571
8702
8641
8620
8643
8635
8618
8583
8669
8657
8672
8589
8561
8729
8644
8741
8718
8725
8753
8724
8604
8717
8745
8649
8675
8751
8645
8739
8664
8636
8639
8543
8747
8759
8732
8734
8703
8730
8485
8760
8774
8689
8634
8678
8754
8609
8781
8762
8764
8688
8783
8654
8742
8776
8766
8777
8626
8770
8765
8772
8785
8651
8665
8685
8787
8780
8655
8793
8694
8647
8637
8733
8662
8791
8802
8798
8714
8671
8797
8706
8731
8750
8726
8801
8809
8633
8805
8812
8773
8815
8658
8692
8806
8811
8771
8705
8673
8638
8668
8653
8796
8684
8670
8748
8827
8716
8736
8828
8581
8813
8666
8824
8565
8829
8738
8825
8723
8728
8740
8749
8710
8597
8494
8784
8795
8822
8841
8757
8699
8835
8843
8848
8790
8826
8855
8837
8727
8721
8821
8786
8851
8769
8834
8838
8842
8746
8844
8849
8755
8735
8775
8859
8858
8867
8789
8873
8804
8881
8758
8720
8743
8876
8863
8814
8818
8709
8650
8744
8763
8761
8870
8878
8810
8779
8794
8879
8880
8767
8889
8894
8698
8792
8882
8888
8877
8906
8782
8910
8778
8912
8896
8807
8830
8919
8737
8803
8816
8903
8897
8886
8901
8915
8916
8752
8768
8922
8928
8861
8927
8862
8854
8935
8940
8924
8926
8936
8817
8900
8853
8920
8914
8756
8845
8866
8799
8875
8950
8833
8800
8948
8934
8941
8836
8925
8954
8808
8823
8788
8864
8847
8820
8865
8951
8967
8874
8840
8860
8956
8872
8964
8974
8871
8852
8971
8947
8890
8965
8983
8968
8887
8885
8958
8959
8993
8975
8970
8988
8898
9000
8984
8891
8908
8997
8991
8976
8895
8905
8998
8973
8992
8869
8930
8980
8892
8850
8902
8846
8990
8939
9005
8932
8944
8832
8909
8996
8831
8917
8942
9004
9011
9017
9009
9020
9018
9015
8839
9027
8999
9014
8933
8856
9023
9008
8995
9039
9032
8938
9002
8868
8857
9052
9047
8893
9048
9031
8911
9040
9044
9043
9051
9061
8883
8961
9056
9046
8929
8969
9053
8978
8884
9066
8952
8981
8904
9055
9028
9049
8955
8937
9074
9058
9059
9071
8987
9001
9060
8907
8949
8962
8966
8960
9086
8899
8963
8994
8979
9025
9065
9070
8985
9079
8989
9095
9075
8953
8918
9013
8931
9085
9069
9012
9021
9097
9116
9108
9088
8921
9104
8913
9123
9010
9007
9006
9016
9121
9084
9089
9107
8977
8957
9112
9111
9128
9126
8946
9096
8986
8972
9124
9113
9033
9138
9022
9110
9119
9036
9030
9038
9050
8943
8923
8982
9154
9147
9127
9148
9139
9019
9145
9155
9137
9153
9166
9169
9041
9026
9164
9172
9157
9165
9131
9068
9054
9162
9099
9160
9134
9140
9067
9064
9072
9076
9063
9035
9073
9158
9176
9156
8945
9186
9062
9149
9034
9179
9151
9042
9024
9003
9188
9174
9057
9091
9029
9077
9190
9194
9192
9098
9173
9177
9100
9193
9202
9082
9090
9135
9115
9094
9197
9208
9218
9175
9093
9206
9213
9219
9228
9209
9214
9232
9037
9101
9141
9184
9081
9221
9215
9198
9045
9225
9217
9237
9087
9236
9212
9222
9241
9143
9185
9181
9239
9183
9246
9242
9240
9245
9249
9133
9252
9132
9248
9105
9080
9142
9161
9199
9265
9167
9267
9251
9150
9203
9254
9117
9256
9195
9159
9118
9205
9264
9268
9262
9247
9130
9191
9120
9182
9103
9129
9272
9271
9152
9211
9114
9144
9180
9171
9146
9083
9220
9136
9291
9210
9109
9295
9278
9224
9293
9226
9280
9286
9282
9289
9092
9106
9304
9204
9285
9292
9275
9309
9163
9279
9078
9312
9308
9297
9216
9207
9299
9201
9320
9315
9294
9187
9323
9311
9307
9196
9233
9301
9310
9178
9238
9230
9319
9231
9227
9314
9318
9302
9335
9235
9170
9359
9168
9329
9189
9358
9261
9125
9122
9356
9328
9353
9253
9330
9349
9366
9269
9255
9223
9351
9260
9336
9360
9284
9102
9283
9258
9345
9257
9306
9276
9270
9333
9379
9342
9367
9375
9263
9369
9234
9229
9305
9325
9389
9317
9316
9398
9287
9277
9259
9385
9377
9250
9200
9376
9370
9290
9374
9298
9372
9243
9244
9391
9266
9357
9327
9352
9274
9313
9408
9273
9413
9404
9403
9396
9373
9400
9388
9382
9324
9334
9300
9288
9281
9355
9383
9424
9322
9387
9347
9409
9337
9303
9437
9350
9440
9341
9393
9346
9423
9321
9340
9418
9364
9296
9348
9332
9326
9405
9450
9411
9461
9343
9448
9339
9434
9441
9432
9457
9368
9371
9420
9361
9443
9430
9390
9464
9395
9422
9471
9402
9363
9433
9483
9428
9467
9473
9455
9466
9399
9477
9469
9362
9472
9384
9365
9446
9485
9414
9386
9478
9378
9508
9500
9354
9417
9381
9436
9453
9479
9511
9497
9380
9344
9504
9522
9495
9514
9487
9338
9415
9501
9438
9513
9449
9407
9425
9518
9512
9529
9419
9394
9498
9537
9532
9530
9492
9545
9435
9524
9496
9531
9533
9426
9541
9517
9520
9547
9475
9451
9406
9525
9427
9412
9556
9535
9491
9476
9536
9534
9459
9559
9482
9454
9550
9480
9527
9561
9490
9553
9331
9401
9460
9470
9499
9431
9542
9445
9494
9563
9410
9392
9462
9569
9439
9397
9416
9507
9463
9442
9447
9444
9510
9574
9562
9582
9590
9597
9584
9572
9429
9421
9488
9456
9595
9452
9604
9557
9519
9570
9474
9601
9505
9481
9528
9564
9606
9598
9594
9611
9509
9493
9560
9614
9587
9538
9577
9627
9468
9600
9619
9555
9628
9633
9588
9623
9608
9617
9626
9568
9573
9576
9583
9616
9579
9607
9649
9544
9613
9634
9653
9551
9586
9549
9554
9523
9662
9644
9565
9506
9515
9621
9465
9656
9458
9548
9566
9589
9521
9581
9516
9503
9632
9546
9484
9489
9641
9637
9486
9502
9669
9635
9575
9658
9552
9593
9622
9602
9664
9682
9624
9678
9526
9558
9696
9540
9625
9657
9683
9695
9620
9697
9543
9672
9578
9650
9704
9605
9639
9707
9676
9599
9603
9596
9712
9539
9666
9715
9709
9714
9612
9645
9592
9732
9585
9721
9659
9646
9673
9629
9648
9723
9671
9660
9742
9686
9713
9580
9689
9677
9631
9687
9690
9737
9630
9640
9746
9610
9700
9730
9609
9655
9739
9756
9725
9761
9661
9729
9647
9731
9694
9733
9718
9651
9741
9567
9674
9698
9716
9615
9702
9744
9726
9770
9642
9618
9748
9752
9643
9765
9767
9735
9775
9636
9753
9684
9692
9675
9668
9783
9710
9708
9680
9764
9638
9763
9703
9786
9785
9787
9755
9799
9667
9693
9771
9817
9759
9681
9685
9706
9747
9807
9663
9591
9819
9571
9778
9719
9679
9652
9743
9691
9814
9727
9699
9688
9720
9792
9768
9806
9812
9654
9665
9782
9781
9754
9837
9824
9797
9776
9701
9745
9705
9670
9809
9827
9734
9788
9831
9853
9796
9860
9828
9847
9858
9843
9815
9846
9738
9805
9850
9818
9861
9836
9830
9740
9838
9865
9724
9813
9845
9717
9758
9722
9749
9762
9852
9857
9849
9842
9879
9711
9751
9777
9864
9872
9855
9863
9728
9804
9893
9883
9894
9882
9869
9880
9790
9873
9766
9816
9736
9904
9750
9903
9915
9896
9874
9910
9890
9919
9760
9772
9898
9757
9774
9791
9784
9822
9801
9820
9913
9900
9800
9918
9844
9803
9856
9789
9810
9794
9881
9793
9895
9906
9826
9909
9851
9823
9808
9871
9937
9834
9928
9802
9773
9795
9933
9932
9955
9840
9862
9947
9935
9859
9839
9924
9954
9949
9780
9967
9848
9835
9829
9962
9877
9968
9956
9868
9779
9929
9972
9941
9866
9832
9952
9811
9940
9960
9970
9943
9971
9854
9875
9966
9821
9841
9978
9825
9884
9798
9986
9870
9902
9963
9867
9885
9886
9833
9769
9974
9887
9973
9995
9876
9981
9961
9980
9996
9990
9992
9998
10005
10009
10000
9999
9911
10003
9899
9987
9907
9989
10006
10022
10027
10026
9917
10020
10019
10013
9991
9889
9993
10018
9912
10011
9920
10024
9951
10025
9908
10010
10030
10023
10007
9901
10040
9892
9921
9891
9916
9925
9905
10032
9953
9948
9965
10037
9878
9888
10051
9957
9930
10039
9931
9927
10033
9950
10029
9945
10075
9914
10073
10048
9946
10054
10077
10060
9944
10002
9897
9942
10001
10016
9977
9934
10046
10076
10063
10078
9975
10058
9969
10062
10072
9964
10064
10095
10089
10086
10017
10082
9936
9983
10067
10014
9939
10093
10092
10111
10108
9979
10088
9959
9938
9923
9922
10091
10121
10004
10104
9984
9982
10099
10125
10116
9958
10136
10138
10053
9994
10132
10114
9926
10123
10021
10008
10127
10042
10113
10057
10045
10107
9997
10049
10151
10031
10034
10061
10071
10139
9988
10079
9976
10015
10028
10012
10038
10069
10052
10056
10149
10085
10087
10152
10065
10047
10143
10159
10074
10043
10059
10160
10167
10050
10154
9985
10175
10168
10162
10177
10098
10174
10066
10120
10187
10141
10171
10055
10122
10118
10194
10103
10109
10166
10189
10105
10100
10202
10096
10041
10101
10176
10195
10084
10134
10188
10184
10178
10186
10135
10097
10080
10209
10070
10110
10115
10094
10147
10129
10126
10155
10036
10106
10044
10102
10083
10192
10200
10213
10206
10124
10035
10131
10112
10216
10220
10081
10170
10140
10224
10137
10146
10223
10233
10219
10179
10117
10222
10157
10244
10250
10183
10232
10235
10191
10252
10163
10243
10253
10242
10142
10090
10145
10239
10246
10197
10128
10068
10133
10259
10277
10161
10262
10267
10165
10144
10205
10274
10180
10172
10130
10181
10271
10278
10164
10248
10290
10215
10281
10196
10284
10208
10285
10273
10254
10193
10282
10276
10286
10207
10287
10204
10217
10218
10255
10199
10289
10293
10296
10173
10221
10212
10294
10214
10158
10240
10182
10280
10303
10237
10230
10227
10241
10190
10169
10156
10324
10323
10299
10298
10148
10325
10210
10251
10319
10305
10330
10153
10211
10268
10257
10272
10326
10300
10119
10332
10185
10311
10313
10331
10231
10327
10308
10350
10201
10238
10229
10265
10266
10225
10198
10329
10318
10226
10357
10270
10322
10263
10234
10371
10375
10260
10333
10258
10236
10349
10245
10247
10344
10288
10269
10379
10150
10249
10359
10203
10353
10279
10378
10358
10341
10348
10369
10292
10346
10342
10390
10316
10256
10370
10395
10407
10351
10408
10404
10264
10301
10411
10373
10392
10414
10410
10261
10275
10291
10228
10364
10383
10366
10384
10320
10297
10399
10385
10389
10283
10382
10421
10312
10321
10317
10393
10304
10394
10428
10310
10347
10391
10424
10409
10360
10396
10355
10398
10307
10340
10402
10417
10335
10339
10434
10315
10306
10405
10401
10456
10457
10426
10328
10412
10450
10462
10463
10413
10309
10381
10387
10388
10466
10380
10354
10431
10314
10435
10442
10345
10430
10367
10472
10363
10302
10372
10446
10477
10361
10468
10478
10454
10485
10420
10338
10448
10356
10497
10484
10451
10343
10460
10447
10481
10503
10500
10486
10376
10507
10386
10334
10437
10368
10498
10337
10505
10400
10490
10374
10493
10365
10465
10432
10491
10474
10515
10495
10377
10458
10423
10509
10352
10441
10464
10470
10501
10494
10511
10529
10535
10543
10540
10403
10528
10418
10544
10534
10415
10406
10530
10439
10416
10510
10444
10538
10467
10438
10453
10539
10519
10522
10422
10536
10554
10533
10436
10547
10531
10514
10449
10427
10483
10461
10488
10429
10563
10475
10546
10459
10445
10499
10574
10479
10487
10492
10560
10473
10489
10433
10552
10573
10556
10452
10588
10583
10496
10455
10476
10561
10419
10594
10568
10567
10557
10606
10527
10295
10578
10577
10469
10597
10575
10524
10506
10502
10585
10512
10471
10569
10480
10516
10604
10598
10425
10595
10482
10596
10601
10628
10623
10613
10625
10517
10520
10635
10627
10589
10600
10617
10504
10610
10616
10611
10614
10642
10586
10607
10555
10532
10633
10551
10632
10630
10362
10548
10615
10649
10508
10656
10653
10609
10525
10513
10541
10626
10553
10591
10545
10654
10562
10581
10619
10550
10526
10559
10657
10523
10542
10670
10440
10644
10655
10674
10634
10675
10565
10579
10521
10518
10631
10558
10572
10443
10643
10691
10580
10571
10587
10590
10564
10620
10663
10582
10584
10689
10570
10669
10650
10698
10640
10659
10599
10719
10629
10687
10603
10697
10645
10576
10605
10683
10710
10705
10703
10725
10671
10549
10711
10717
10537
10664
10672
10678
10658
10646
10621
10696
10736
10661
10641
10622
10592
10685
10566
10741
10602
10702
10744
10722
10638
10692
10746
10757
10624
10648
10755
10747
10759
10704
10734
10618
10593
10720
10754
10608
10677
10723
10764
10758
10709
10761
10724
10769
10701
10731
10612
10768
10681
10673
10752
10773
10718
10688
10636
10651
10647
10771
10765
10737
10660
10789
10767
10766
10778
10680
10729
10662
10706
10652
10690
10715
10777
10667
10693
10728
10786
10776
10796
10804
10785
10801
10797
10735
10637
10784
10739
10699
10824
10795
10686
10695
10782
10682
10819
10809
10684
10666
10676
10668
10679
10787
10815
10713
10779
10774
10694
10639
10806
10828
10791
10742
10790
10721
10803
10780
10832
10707
10714
10708
10763
10827
10807
10727
10821
10733
10756
10826
10745
10839
10792
10845
10726
10853
10856
10838
10802
10740
10855
10863
10793
10772
10751
10762
10753
10836
10798
10775
10865
10857
10846
10822
10833
10805
10851
10837
10840
10811
10876
10783
10880
10799
10760
10854
10700
10794
10878
10788
10842
10902
10730
10800
10885
10896
10816
10879
10907
10883
10738
10875
10881
10750
10899
10814
10864
10892
10918
10858
10914
10743
10917
10895
10847
10921
10893
10924
10923
10898
10925
10912
10781
10843
10934
10770
10830
10932
10939
10916
10818
10911
10933
10835
10817
10748
10852
10915
10841
10890
10910
10862
10808
10943
10942
10872
10867
10850
10936
10927
10941
10953
10909
10906
10868
10870
10944
10935
10831
10874
10834
10887
10954
10922
10950
10712
10749
10866
10886
10938
10860
10823
10859
10889
10919
10966
10848
10884
10930
10975
10937
10871
10981
10873
10970
10882
10986
10958
10900
10908
10982
10976
10990
10996
10861
10995
10829
10905
10901
10956
10844
11000
10897
10998
10920
10849
10961
10732
10969
11016
10946
10977
10926
10928
10951
11003
11010
10980
10993
10973
11001
11008
10813
10825
10983
10955
10991
11009
10949
11032
11035
11030
11005
10810
10957
10971
11015
10965
11052
11034
11025
10820
10891
10931
10992
10985
10903
10963
10947
11055
11027
10997
10869
10877
11029
10962
10929
10904
10940
11053
10999
10987
11069
10948
11033
11019
10988
11039
10959
11077
11007
10888
10960
11011
10952
11080
10913
10994
10894
10968
11083
11051
11002
11028
11038
11036
11063
10978
11093
11026
11086
11004
11048
11061
11066
11098
11071
10984
11106
11070
11075
11065
11084
11022
10964
11012
11115
10945
10967
11099
11117
11094
10974
10972
11112
11014
11021
11118
11104
11037
11113
11040
11110
11042
11119
11017
11082
11091
11108
11060
11136
11097
11006
11023
11058
11073
11092
11134
11103
11013
11132
11045
11041
11143
11076
11049
11056
11020
11085
11067
11146
11138
11163
11147
11150
11101
11072
10989
11087
10979
11088
11156
11050
11162
11164
11149
11148
11079
11043
11168
11123
11057
11089
11167
11018
11170
11154
11174
11024
11177
11047
11161
11064
11046
11054
11179
11114
11165
11185
11031
11074
11186
11100
11183
11175
11120
11184
11172
11204
11191
11196
11090
11081
11195
11199
11194
11044
11193
11096
11128
11180
11062
11121
11105
11205
11111
11211
11217
11125
11137
11109
11208
11126
11157
11236
11235
11130
11213
11234
11219
11135
11237
11243
11225
11122
11173
11231
11244
11141
11242
11144
11131
11220
11252
11250
11140
11251
11239
11151
11155
11249
11254
11127
11124
11259
11197
11265
11230
11256
11178
11158
11200
11247
11202
11139
11258
11192
11160
11223
11260
11224
11269
11277
11145
1810
11287
11257
11248
11207
11133
11171
11153
11190
11267
11182
11268
11291
11255
11274
11293
11129
11290
11295
11272
11285
11176
11189
11209
11270
11166
11227
11226
11273
11214
11201
11187
11232
11222
11313
11281
11228
11301
11282
11095
11212
11229
11107
11246
11283
11326
11198
11210
11245
11302
11315
11233
11308
11278
11300
11311
11335
11102
11203
11305
11299
11159
11221
11331
11059
11296
11304
11142
11314
11116
11068
11240
11341
11322
11330
11188
11334
11358
11284
11347
11261
11078
11294
11152
11324
11263
11215
11241
11348
11169
11298
11181
11354
11368
11360
11292
11216
11377
11288
11289
11275
11364
11262
11380
11264
11271
11346
11266
11276
11366
11373
11357
11238
11303
11392
11393
11316
11378
11307
11206
11359
11401
11385
11253
11384
11397
11405
11407
11399
11362
11390
11306
11387
11323
11406
11418
11318
11332
11297
11343
11336
11400
11355
11310
11398
11409
10336
11419
11319
11402
11363
11369
11280
11428
11412
11433
11367
11320
11279
11340
11440
11338
11376
11337
11416
11374
11352
11423
11447
11435
11441
11391
11454
11446
11286
11459
11353
11351
11356
11349
11456
11442
11465
11317
11372
11458
11386
11451
11448
11388
8819
11455
11396
11329
11350
11463
11333
11449
11381
11375
11467
11344
11462
11361
11461
11491
11485
11370
11472
11469
11394
11492
11309
11321
11489
11371
11383
11328
11389
11403
11478
11476
11327
11379
11312
11500
11427
11395
11417
11490
11471
11430
11474
11408
11482
11475
11410
11510
11466
11339
11505
11342
11424
11523
11420
11525
11507
11415
11473
11382
11516
11431
11533
11511
11524
11509
11526
11345
11527
11528
11506
11521
11445
11540
11453
11518
11517
11538
11365
11539
11325
11422
11487
11536
11541
11426
11437
11522
11450
11529
11404
11530
11496
11494
11425
11560
11548
11561
11457
11568
11546
11414
11564
11572
11571
11411
11558
11436
11479
11559
11429
11468
11577
11439
11460
11484
11495
11452
11567
11464
11547
11443
11438
11550
11580
11432
11590
11582
11576
11566
11542
11413
11493
11520
11503
11499
11421
11586
11603
11570
11602
11610
11584
11481
11498
11588
11470
11508
11589
11612
11512
11543
11556
11514
11569
11597
11480
11601
11545
11595
11620
11519
11544
11502
11531
11622
11488
11634
11515
11535
11617
11549
11501
11483
11552
11596
11604
11621
11636
11644
11600
11633
11598
11650
11635
11434
11532
11624
11616
11658
11513
11504
11649
11486
11631
11627
11619
11574
11573
11607
11645
11660
11534
11444
11629
11678
11656
11640
11630
11669
11477
11537
11591
11673
11675
11662
11497
11623
11637
11613
11615
11614
11681
11663
11579
11668
11685
11551
11651
11553
11692
11667
11628
11672
11666
11608
11618
11563
11581
11594
11592
11638
11609
11684
11585
11714
11711
11606
11704
11605
11715
11674
11721
11720
11716
11727
11557
11712
11693
11565
11731
11626
11599
11562
11683
11735
11728
11688
11664
11719
11648
11697
11742
11593
11647
11639
11687
11733
11738
11632
11701
11690
11641
11718
11730
11659
11670
11741
11653
11754
11583
11555
11761
11723
11736
11671
11587
11708
11758
11759
11682
11750
11578
11724
11745
11732
11737
11753
11625
11611
11707
11776
11766
11764
11689
11760
11665
11654
11756
11772
11646
11751
11643
11748
11793
11778
11784
11752
11780
11768
11792
11769
11806
11655
11785
11770
11802
11803
11686
11790
11679
11775
11788
11814
11717
11794
11809
11694
11796
11771
11804
11657
11700
11677
11661
11706
11713
11709
11821
11805
11799
11836
11757
11831
11832
11827
11844
11820
11696
11818
10397
11841
11848
11743
11746
11699
11722
11765
11817
11822
11853
11744
11726
11819
11825
11842
11789
11740
11755
11705
11710
11861
11575
11845
11652
11850
11676
11856
11812
11797
11846
11695
11691
11698
11779
11868
11554
11833
11791
11798
11807
11749
11810
11725
11680
11747
11786
11811
11777
11702
11703
11891
11762
11859
11729
11876
11907
11894
11900
11881
11867
11870
11734
11858
11642
11883
11886
11873
11864
11808
11816
11877
11835
11913
11892
11872
11813
11902
11895
11901
11889
11884
11918
11920
11815
11781
11826
11787
11838
11774
11887
11931
11795
11767
11837
11878
11843
11896
11855
11862
11783
11739
11914
11823
11940
11916
11801
11852
11915
11828
11839
11924
11829
11909
11943
11955
11865
5093
11830
11782
11941
11851
11874
11956
11964
11933
11763
11928
11935
11951
11929
11962
11800
11967
11854
11945
11834
11908
11939
11954
11824
11847
11860
11773
11849
11888
11866
11972
11970
11958
11871
11997
11980
11987
11971
11978
11905
11875
11919
11903
11985
11906
11981
11923
11983
11989
11879
11998
11990
11893
11910
11921
11922
11982
11966
12004
11840
11917
11885
11953
11882
11926
11999
12008
12012
12011
11946
11995
12005
12019
11993
11937
11925
11927
11863
12025
12035
11944
11912
11947
11934
11991
11992
11899
12001
12040
12036
11984
11880
12042
12028
11988
12046
11961
11911
12017
12038
11869
12050
11932
11904
12033
12018
12013
12023
11979
12047
11959
11938
11898
12053
12024
11857
11897
12049
12015
11936
12054
11994
11977
12010
11890
12057
12086
11952
12014
12065
12069
12030
12029
12091
12067
12096
12000
12063
12094
12016
12084
12034
12009
12066
11986
11976
12039
11948
11973
12026
12106
12109
12076
12097
11968
11974
12044
11965
12095
12041
12092
12114
12032
11975
12071
12003
12119
12031
11960
12020
12007
11930
12117
11950
12006
12113
11949
12130
12082
12021
11942
12058
12051
12115
11957
12135
12043
11963
12104
12141
12100
11996
12110
12102
12052
12122
11969
12101
12123
12098
12056
12129
12154
12074
12078
12070
12061
12037
12111
12153
12139
12134
12155
12156
12099
12169
12002
12072
12081
12073
12177
12152
12087
12159
12131
12068
12120
12146
12062
12166
12093
12167
12181
12162
12105
12112
12108
12064
12048
12116
12174
12196
12085
12158
12055
12179
12059
12089
12128
12197
12209
12080
12170
12182
12201
12188
12193
12090
12083
12178
12077
12075
12219
12088
12176
12144
12221
12225
12045
12125
12175
12027
12189
12230
12198
12149
12171
12138
12150
12236
12223
12136
12164
12079
12060
12022
12240
12124
12121
12103
12151
12145
12206
12143
12161
12244
12214
12132
12172
12180
12215
12233
12137
12231
12255
12222
12157
12226
12194
12211
12148
12107
12229
12127
12275
12245
12261
12147
12273
12267
12183
12227
12126
12271
12272
12192
12160
12237
12248
12133
12277
12278
12276
12195
12165
12254
12287
12288
12241
12290
12213
12184
12168
12294
12301
12173
12298
12300
12205
12210
12259
12142
12263
12220
12207
12262
12163
12303
12306
12286
12200
12326
12265
12186
12185
12283
12310
12191
12322
12250
12208
12305
12266
12228
12274
12316
12118
12202
12264
12320
12336
12293
12216
12253
12339
12242
12315
12243
12309
12308
12224
12347
12235
12140
12234
12239
12344
12297
12238
12281
12311
12328
12332
12352
12353
12203
12251
12342
12190
12324
12343
12330
12325
12370
12365
12270
12369
12187
12280
12362
12292
12268
12366
12217
12337
12199
12363
12246
12376
12304
12312
12340
12279
12386
12204
12299
12356
12313
12284
12258
12389
12317
12357
12269
12400
12355
12218
12232
12393
12388
12395
12289
12291
12257
12285
12307
12359
12379
12296
12260
12415
12407
12423
12212
12295
12249
12399
12247
12406
12302
12252
12421
12334
12348
12428
12318
12256
12412
12323
12431
12435
12397
12333
12403
12424
12372
12346
12449
12392
12432
12422
12438
12420
12441
12443
12404
12430
12413
12416
12321
12282
12319
12454
12417
12314
12468
12433
12331
12341
12350
12461
12414
12436
12327
12464
12349
12387
12455
12440
12471
12382
12479
12445
12482
12380
12338
12462
12375
12452
12364
12451
12489
12335
12329
12384
12360
12485
12371
12367
12465
12474
12398
12434
12377
12354
12409
12402
12373
12391
12496
12463
12460
12507
12466
12442
12345
12381
12390
12425
12508
12401
12504
12470
12475
12358
12484
12502
12510
12467
12411
12515
12477
12478
12361
12368
12491
12528
12383
12437
12480
12523
12396
12530
12429
12513
12419
12517
12351
12374
12459
12547
12385
12458
12426
12526
12410
12540
12469
12538
12503
12519
12520
12497
12543
12554
12405
12494
12537
12541
12553
12492
12556
12476
12539
12488
12511
12481
12427
12571
12566
12447
12533
12550
12378
12487
12450
12408
12394
12473
12569
12575
12555
12546
12453
12532
12549
12558
12444
12446
12563
12564
12596
12418
12500
12580
12548
12570
12499
12568
12495
12581
12501
12602
12557
12439
12560
12607
12573
12579
12593
12591
12592
12572
12525
12567
12613
12597
12619
12552
12544
12604
12527
12577
12493
12601
12616
12576
12524
12600
12605
12617
12506
12512
12457
12483
12498
12456
12472
12509
12521
12635
12562
12490
12514
12650
12630
12610
12505
12529
12657
12652
12534
12626
12486
12595
12625
12638
12545
12542
12448
12623
12628
12662
12622
12522
12656
12672
12536
12663
12637
12679
12642
12589
12587
12664
12683
12535
12688
12670
12516
12674
12648
12680
12673
12531
12518
12590
12689
12682
12559
12687
12582
12677
12684
12551
12586
12612
12678
12583
12574
12693
12702
12598
12711
12707
12603
12608
12585
12611
12700
12708
12584
12621
12588
12675
12694
12699
12618
12627
12631
12633
12718
12614
12636
12695
12717
12734
12720
12624
12725
12565
12736
12733
12703
12666
12620
12705
12651
12643
12654
12724
12647
12578
12710
12645
12727
12723
12751
12658
12719
12730
12721
12639
12599
12659
12728
12740
12653
12655
12561
12632
12606
12681
12741
12770
12771
12634
12649
12660
12747
12777
12749
12615
12766
12752
12745
12782
12778
12768
12776
12690
12644
12629
12640
12676
12784
12758
12692
12609
12667
12641
12780
12594
12668
12773
12646
12696
12763
12698
12706
12757
12805
12810
12669
12753
12818
12754
12697
12811
12764
12714
12713
12821
12795
12716
12761
12813
12738
12809
12804
12815
12709
12712
12767
12686
12831
12834
12756
12801
12722
12812
12691
12665
12820
12819
12788
12731
12789
12807
12796
12748
12800
12661
12798
12836
12791
12845
12854
12704
12765
12858
12739
12852
12806
12755
12685
12823
12859
12841
12790
12822
12850
12856
12837
12729
12867
12839
12726
12769
12735
12855
12868
12853
12715
12832
12701
12746
12864
12865
12762
12750
12737
12760
12824
12851
12897
12860
12885
12857
12779
12849
12878
12848
12900
12862
12817
12861
12898
12787
12772
12671
12907
12884
12838
12825
12886
12863
12882
12759
12786
12743
12879
12774
12792
12827
12926
12905
12814
12876
12799
12914
12893
12927
12783
12732
12797
12883
12932
12891
12912
12803
12918
12846
12949
12903
12833
12890
12948
12919
12908
12888
12951
12952
12816
12830
12842
12956
12899
12744
12872
12911
12895
12960
12826
12916
12840
12930
12910
12940
12917
12847
12936
12904
12843
12829
12887
12844
12969
12869
12975
12971
12880
12935
12875
12808
12742
12929
12873
12775
12933
12991
12944
12982
12785
12980
12901
12921
12959
12967
12802
12998
12874
12986
12954
12974
12923
12793
12963
12870
12835
12828
12945
12957
12997
13012
12866
13001
12995
12871
12889
12781
13008
13015
12966
12794
12979
12987
12913
12881
12999
13010
13020
13006
13000
12943
12996
12920
12925
12983
12931
12915
12928
12896
13021
13018
13039
12947
12950
13030
13017
13024
12902
12941
12946
12934
13045
12962
12958
12937
13053
12877
12922
12909
13059
12892
12977
13052
13016
13036
13049
12906
13026
13033
13041
13070
13022
13044
13078
13072
13077
12924
12972
12965
12894
12938
13040
13038
13037
13080
13088
13043
12961
13063
13074
13090
13067
13095
13092
13058
13102
13098
12955
13097
13061
13025
12978
13073
12993
13100
13086
13106
13107
12985
13093
13113
13027
13101
13075
13005
13031
13007
13081
13079
13023
13056
13117
13004
13076
13060
12976
13014
13057
13083
13114
13127
13121
13104
13013
13068
13105
13134
12970
13062
13120
13084
13141
13128
13109
13140
12973
13130
13111
13150
13122
13011
13048
13046
13019
13115
13154
13009
13149
13138
13064
12953
13082
13139
13002
13003
13054
13094
13066
13161
13172
13143
13034
13071
13135
12984
13051
12981
12942
12994
12992
13168
13144
13173
13169
13133
13099
12939
12964
13047
13029
13069
13181
13137
13163
13197
13187
13050
13177
13160
13174
12968
13175
13042
13032
13132
13176
13145
13085
13185
13170
13191
13210
13087
13108
13180
13182
13178
13219
13189
13209
13206
13065
13198
13035
12988
13218
13116
13103
13131
13221
13028
13200
13205
13214
13211
13234
13224
13226
12990
13227
13242
13231
13184
13129
13192
13164
13151
13171
13055
13124
13166
13096
13146
13123
13142
13162
13126
13244
13147
13238
13112
13241
13091
13136
13261
13256
13243
13249
13110
13152
13240
13258
13195
13271
13252
13119
13247
13186
13236
13158
13148
13125
13253
13153
13159
13193
13157
13267
13190
13213
13194
13248
13118
13220
13273
13260
13188
13300
13294
13089
13303
13310
13274
13233
13316
13199
13277
13208
13285
13292
13309
13319
13229
13246
13232
13156
13223
13225
13196
13216
13318
13155
13203
13235
13268
13259
6235
13307
13201
13202
13265
13165
13301
13289
13323
13212
13207
13179
13266
13183
13254
13230
13167
13204
13305
13263
13286
13283
13288
13340
13304
13332
13222
13217
13308
13312
13337
13284
13346
13215
13228
13280
13344
13352
13275
13324
13330
13313
13341
13378
13291
13255
13327
13257
13314
13251
13335
13321
13279
13282
13264
13295
13349
13272
13245
13354
13339
13351
13338
13374
13383
13389
13368
13334
13342
13355
13357
13380
13372
13400
13290
13369
13364
13276
13365
13239
13403
13278
13287
13270
13375
13296
13413
13401
13250
13384
13298
13262
13299
13269
13381
13377
13281
13419
13408
13404
13399
13405
13434
13411
13426
13406
13396
13397
13326
13315
13417
13328
13237
13410
13343
13436
13427
13293
13360
13367
13437
13302
13445
13317
13440
13333
13429
13320
13447
13395
13453
13356
13462
13311
13441
13407
13459
13422
13424
13322
12989
13444
13387
13386
13452
13467
13353
13415
13391
13477
13416
13412
13329
13465
13484
13414
13306
13457
13297
13456
13370
13464
13466
13345
13478
13350
13501
13492
13471
13331
13348
13448
13473
13485
13487
13449
13479
13390
13358
13506
13475
13497
13371
13363
13499
13398
13402
13394
13359
13361
13392
13491
13393
13418
13509
13366
13336
13518
13376
13362
13514
13516
13382
13409
13420
13513
13433
13388
13325
13438
13379
13524
13347
13373
13458
13431
13455
13432
13517
13522
13439
13512
13530
13507
13454
13511
13443
13546
13435
13565
13520
13564
13553
13519
13570
13536
13488
13450
13566
13562
13547
13535
13442
13496
13490
13461
13573
13472
13561
13529
13502
13423
13451
13495
13528
13505
13583
13544
13483
13428
13526
13541
13493
13585
13469
13446
13476
13421
13538
13494
13463
13563
13582
13385
13482
13543
13575
13558
13545
13430
13523
13425
13603
13468
13605
13470
13615
13574
13474
13481
13607
13591
13521
13602
13594
13539
13486
13533
13556
13500
13613
13579
13460
13510
13629
13527
13625
13537
13611
13480
13525
13601
13635
13645
13498
13598
13504
13628
13542
13627
13640
13548
13633
13531
13626
13508
13621
13534
13619
13620
13632
13554
13560
13567
13648
13614
13612
13586
13660
13489
13663
13667
13639
13515
13503
13649
13550
13631
13532
13680
13671
13679
13599
13651
13557
13678
13652
13683
13600
13555
13604
13691
13692
13659
13549
13571
13682
13588
13568
13690
13675
13551
13576
13694
13596
13572
13662
13634
13592
13581
13578
13540
13714
13597
13616
13618
13707
13622
13580
13630
13705
13643
13708
13672
13636
13700
13698
13641
13559
13727
13709
13606
13647
13617
13608
13552
13674
13569
13728
13595
13589
13584
13577
13710
13656
13685
13590
13593
13742
13587
13669
13712
13719
13610
13665
13731
13743
13666
13609
13642
13726
13744
13655
13657
13702
13688
13735
13755
13696
13758
13754
13677
13624
13686
13650
13661
13699
13638
13738
13658
13689
13746
13733
13768
13623
13769
13681
13750
13752
13644
13664
13637
13654
13706
13653
13646
13673
13668
13739
13701
13765
13774
13782
13794
13676
13757
13775
13762
13724
13717
13736
13687
13760
13803
13776
13801
13772
13770
13704
13670
13791
13787
13697
13786
13816
13797
13815
13693
13730
13822
13732
13721
13818
13715
13723
13684
13809
13802
13828
13725
13843
13804
13718
13845
13814
13720
13839
13722
13805
13823
13842
13716
13764
13703
13858
13813
13711
13749
13763
13817
13835
13795
13855
13846
13740
13840
13751
13734
13713
13695
13836
13864
13792
13874
13852
13868
13848
13881
13850
13747
13766
13873
13737
13767
13882
13833
13777
13778
13872
13756
13880
13796
13788
13885
13745
13761
13741
13879
13759
13753
13773
13806
13807
13871
13800
13790
13901
13887
13876
13748
13783
13857
13729
13789
13886
13883
13827
13780
13865
13911
13812
13914
13808
13785
13896
13799
13781
13784
13921
13829
13915
13893
13771
13910
13895
13898
13849
13924
13810
13917
13830
13821
13860
13918
13940
13863
13798
13875
13793
13903
13856
13859
13935
13938
13841
13824
13831
13851
13878
13923
13943
13952
13956
13928
13904
13832
13866
13853
13825
13826
13950
13966
13939
13960
13947
13819
13971
13954
13834
13891
13970
13948
13944
13837
13892
13890
13975
13984
13877
13838
13955
13932
13989
13976
13913
13861
13982
13884
13922
13779
13907
13867
13820
13899
13870
13987
13979
13988
13925
13897
13854
13888
14002
13992
13869
13986
13999
13847
13889
13811
13862
14017
13995
13908
13996
13980
13919
14003
14013
13902
13964
14014
13991
14026
14031
13894
14027
14022
13931
13967
14009
14010
13933
14029
13916
14023
13963
13920
14032
13906
13844
13946
14021
14019
14006
13905
14025
14035
13978
14034
13929
14028
14005
14036
13926
13977
13934
13959
13912
14066
13909
14007
14059
13900
14048
13941
14018
14001
13998
13961
13949
13972
13965
13973
14052
14078
14072
14061
14062
13969
14060
14041
13942
14076
14050
13994
13930
14084
13957
13936
14077
13990
13985
14044
14092
14108
14086
13937
14069
14098
14012
14091
14004
14100
14073
13927
14000
14033
14030
14089
14120
14008
14123
13981
14110
14055
14088
13945
13974
13997
14104
14070
14118
14037
14103
14095
14075
14121
14099
14015
14144
13951
14116
14087
14020
14139
14106
14102
14101
14067
14115
14158
14138
13953
14016
14082
14042
14129
14131
14155
13993
14040
14068
14054
14128
14063
14148
14107
14039
14166
14136
14058
14168
14154
14051
14141
14079
14065
13983
14057
14056
14074
14049
14135
14125
13958
14147
13962
14140
14161
14180
14053
14142
14045
14122
14192
14090
14071
14047
14130
14112
14109
14197
14164
14094
14105
14111
14143
14080
14024
14170
14097
14119
14126
14205
14218
14093
14176
14167
14149
14150
14085
14215
14145
14152
14117
14113
14146
14209
14081
14153
14043
14046
14184
14064
14237
14231
14182
14127
14157
14225
14204
14234
14096
14159
14186
14177
14124
14214
14083
14213
14240
14217
14132
14198
14247
14259
14220
14038
14137
14179
14233
14165
14134
14193
14267
14256
14173
14151
14162
14239
14219
14257
14266
14270
14169
14208
14185
14242
14156
14210
14221
14171
14281
14273
14200
14187
14238
14212
14178
14194
14190
14183
14203
14264
14206
14189
14278
14202
14222
14201
14196
14254
14235
14226
14287
14224
14297
14228
14191
14289
14282
14163
14292
14241
14277
14290
14160
14181
14263
14245
14276
14223
14258
14283
14296
14172
14315
14175
14284
14232
14322
14312
14301
14229
14246
14133
14330
14265
14295
14248
14255
14325
14313
14174
14227
14319
14337
14188
14199
14236
14350
14195
14211
14359
14244
14331
14318
14303
14253
14356
14269
14353
14261
14357
14216
14207
14344
14271
14285
14280
14230
14249
14310
14354
14293
14332
14314
14364
14243
14275
14288
14336
14334
14351
14260
14376
14383
14340
14279
14369
14355
14384
14373
14252
14250
14349
14352
14272
14302
14341
14381
14399
14377
14262
14306
14363
14389
14393
14346
14394
14268
14396
14408
14412
14374
14308
14305
14343
14411
14304
14409
14380
14387
14403
14375
14251
14397
14342
14424
14407
14358
14428
14398
14388
14324
14309
14392
14300
14338
14294
14299
14286
14335
7844
14402
14432
14413
14317
14333
14385
14449
14436
14307
14370
14400
14321
14418
14320
14404
14360
14362
14323
14451
14327
14445
14425
14328
14459
14452
14431
5904
14326
14429
14423
14472
14419
14439
14479
14414
14487
14415
14382
14461
14361
14114
14371
14386
14440
14401
14484
14468
14492
14456
14433
14490
14483
14417
14462
14274
14422
14437
14420
14496
14495
14494
14501
14500
14508
14502
14410
14497
14453
14463
14435
14421
14443
14450
14446
14454
14516
14507
14513
14458
14510
14518
14316
14365
14298
14441
14512
14372
14525
14466
14430
14427
14447
14524
14541
14521
14329
14291
14345
14534
14498
14549
14438
14469
14395
14544
14426
14444
14406
14553
14434
14485
14311
14533
14442
14390
14471
14486
14467
14526
14545
14457
14491
14540
14448
14481
14538
14464
14546
14455
14347
14542
14460
14532
14473
14531
14416
14505
14475
14575
14530
14470
14568
14529
14528
14366
14348
14552
14560
14556
14482
14474
14488
14476
14539
14339
14584
14574
14537
14367
14573
14576
14585
14489
14514
14480
14559
14368
14477
14554
14504
14583
14570
14580
14565
14405
14378
14604
14567
14478
14465
14594
14571
14601
14562
14611
14379
14493
14515
14503
14499
14602
14586
14543
14622
14618
14391
14629
14569
14536
14506
14517
14535
14566
14597
14582
14623
14642
14638
14522
14655
14614
14639
14656
14610
14612
14592
14649
14653
14606
14624
14608
14615
14640
14665
14637
14509
14652
14634
14563
14662
14550
14520
14633
14644
14593
14617
14690
14687
14673
14609
14572
14579
14680
14591
14648
14527
14577
14607
14548
14667
14561
14581
14677
14691
14589
14595
14696
14698
14558
14697
14599
14557
14693
14700
14551
14705
14564
14671
14635
14511
14688
14519
14547
14626
14643
14578
14712
14600
14632
14684
14619
14714
14603
14664
14713
14588
14523
14628
14646
14598
14727
14686
14695
14621
14729
14625
14735
14587
14736
14666
14647
14694
14719
14645
14720
14555
14668
14745
14613
14650
14746
14721
7199
14669
14630
14596
14627
14758
14590
14739
14750
14741
14753
14762
14654
14730
14715
14636
14631
14755
14742
14751
14661
14767
14738
14771
14737
14675
14756
14784
14620
14782
14754
14778
14781
14725
14785
14731
14777
14718
14689
14605
14790
14776
14775
14717
14752
14678
14659
14658
14704
14660
14796
14685
14641
14743
14672
14804
14787
14616
14803
14728
14710
14681
14657
14703
14800
14761
14788
14815
14819
14676
14674
14706
14809
14651
14795
14670
14663
14724
14692
14830
14824
14825
14734
14760
14827
14679
14817
14683
14839
10716
14699
14828
14851
14763
14845
14733
14709
14822
14848
14826
14747
14859
14801
14807
14749
14769
14722
14766
14862
14843
14865
14806
14818
14711
14841
14842
14870
14799
14702
14847
14764
14878
14875
14812
14797
14858
14831
14707
14772
14759
14682
14774
14780
14744
14813
14765
14814
14861
14873
14810
14889
14816
14887
14856
14783
14902
14880
14881
14757
14886
14879
14882
14723
14872
14701
14805
14789
14768
14833
14748
14906
14908
14726
14779
14918
14786
14921
14840
14885
14708
14919
14930
14794
14740
14770
14899
14854
14891
14832
14820
14853
14834
14936
14732
14773
14925
14888
14938
14829
14868
14871
14909
14808
14791
14911
14798
14835
14915
14860
14802
14913
14958
14905
14716
14849
14957
14792
14793
14945
14922
14811
14836
14965
14928
14927
14973
14940
14967
14959
14946
14838
14943
14953
14914
14980
14970
14926
14949
14976
14920
14935
14955
14951
14979
14852
14960
14974
14855
14981
14900
14986
14903
14869
14971
14897
14941
14821
14978
15000
14966
14892
14996
14846
14923
14823
14998
14893
14999
14857
14850
14983
14904
14877
14910
14896
15012
14844
14982
14987
14991
15024
14890
14993
14992
15004
14898
14934
14837
15008
14863
15010
14988
14994
15021
14864
14956
14883
15030
15011
14944
14866
14937
15026
14874
15052
14995
15037
15044
14917
14924
15023
15062
15058
14942
14916
14932
14950
14947
14952
15067
15025
14907
15018
14895
14968
14997
15069
15066
14912
15056
14931
15032
14962
14948
14933
15050
14954
15082
14939
15075
15072
15047
15079
15013
14975
15015
15049
14884
15077
14876
14929
14989
15043
15081
15092
15071
15001
15102
15039
15098
15094
15051
14894
14972
15100
15115
15110
15005
15064
15017
15028
15002
15096
15108
15105
15045
15068
15091
14867
14984
15014
15074
15120
15003
15122
15111
15109
14964
15119
15129
7921
15038
15086
15099
15016
15107
14901
15113
15136
15053
15140
14990
15131
14985
15134
15020
15033
15065
15087
15130
15121
15152
15106
15048
15162
15031
15041
15057
15118
15006
15159
15040
15029
15027
15019
15137
15073
14963
15078
15165
15007
15009
15171
15174
15061
15097
15166
15036
15054
15179
15084
15063
14977
15143
15169
15175
15141
15160
15186
15070
15059
15149
15034
15182
15190
15060
15095
15022
15154
15035
15076
15156
15080
15194
15042
15196
15046
8558
15210
15199
15089
15093
15185
15090
15124
15083
15148
15228
15127
15138
15229
15151
15125
15117
15192
15114
15168
15132
15128
15157
15088
15225
15209
15085
15234
15055
15101
15116
15172
15202
15239
15126
15103
15173
15247
15104
15133
15243
15135
15147
15167
15253
15184
15231
15222
15250
15112
15183
15164
15207
15259
15153
15268
15150
15176
15155
15271
15220
15145
15240
15245
15214
15189
15198
15274
15217
15263
15195
15123
15163
15248
14961
15170
15144
15284
15203
15283
15181
15294
15275
15178
15177
15237
15219
15188
15233
15254
15161
15158
15298
15216
15291
15193
15312
15311
15300
15146
15200
15139
15307
15319
15258
15266
15187
15318
15323
15242
15269
15309
15201
15142
15230
15308
15255
15212
15251
15227
15329
15224
15285
15244
15238
15218
15204
15278
15277
15333
15205
15208
15246
15287
15226
15265
15339
15236
15334
15215
15338
15324
15336
15264
15286
15354
15345
15260
15252
15306
15321
15358
15235
15272
15288
15355
15273
15262
15257
15346
15270
15191
15359
15297
15303
15221
15241
15301
15372
15206
15366
15332
15371
15197
15349
15223
15335
15328
15374
15347
15357
15393
15386
15314
15299
15352
15377
15313
15180
15379
15396
15213
15398
15390
15378
15282
15384
15211
15256
15290
15331
15325
15402
15399
15261
15414
15276
15317
15417
15302
15409
15420
15342
15249
15403
15426
15362
15410
15365
15405
15348
15416
15429
15280
15434
15419
15320
15296
15293
15436
15385
15344
15281
15367
15289
15438
15337
15315
15443
15232
15442
15444
15457
15369
15305
15295
15279
15322
15383
15380
15445
15330
15381
15350
15411
15406
15353
15310
15425
15418
15387
15458
15316
15341
15464
15468
15422
15415
15421
15343
15363
15361
15460
15292
15455
15394
15351
15476
15326
15424
15412
15480
15356
15407
15471
15450
15478
15400
15360
15432
15370
15433
15491
15469
15408
15517
15449
15502
15267
15513
15304
15481
15395
15404
15423
15382
15373
15520
15447
15448
15389
15482
15388
15529
15475
15500
15459
15454
15528
15327
15439
15427
15485
15522
15441
15501
15440
15536
15368
15514
15451
15397
15461
15497
15431
15391
15541
15499
15392
15544
15465
15504
15452
15446
15474
15340
15486
15477
15556
15495
15562
15524
15543
15508
15462
15547
15532
15561
15435
15572
15555
15571
15568
15498
15563
15577
15470
15539
15570
15586
15511
15581
15401
15463
15537
15376
15487
15592
15579
15591
15535
15548
15466
15552
15525
15494
15493
15519
15515
15595
15596
15564
15583
15490
15600
15473
15437
15516
15542
15574
15509
15606
15594
15489
15413
15608
15602
15428
15518
15538
15496
15573
15560
15364
15620
15559
15526
15622
15430
15467
15550
15506
15615
15593
15631
15565
15545
15582
15503
15533
15530
15488
15632
15492
15456
15523
15641
15626
15644
15639
15597
15484
15540
15657
15630
15647
15510
15575
15654
15624
15549
15551
15621
15472
15611
15599
15557
15643
15671
15531
15578
15676
15634
15580
15672
15576
15453
15512
15656
15554
15553
15667
15684
15521
15483
15534
15546
15601
15588
15584
15527
15603
15691
15637
15507
15589
15658
15558
15625
15616
15623
15629
15666
15649
15664
15604
15479
15613
15505
15709
15682
15703
15566
15680
15696
15607
15636
15669
15619
15663
15650
15674
15633
15605
15627
15609
15660
15585
15712
15717
15670
15638
15683
15677
15617
15675
15734
15685
15614
15713
15610
15747
15739
15729
15738
15686
15569
15722
15590
15598
15737
15640
15726
15655
15711
15612
15756
15618
15752
15659
15653
15645
15679
15755
15661
15749
15665
15648
15763
15635
15698
15646
15723
15704
15567
15758
15754
15642
15692
15694
15695
15761
15678
15587
15689
15662
15775
15688
15769
15779
15784
15731
15715
15746
15800
15706
15710
15668
15786
15732
15770
15759
15742
15720
15762
15796
15785
15707
15652
15750
15681
15757
15716
15628
15808
15817
15773
15725
15813
15714
15651
15741
15814
15705
15809
15728
15830
15823
15740
15791
15693
15727
15721
15842
15782
15781
15724
15801
15804
15792
15687
15776
15825
15807
15845
15789
15753
15700
15849
15673
15744
15745
15827
15699
15832
15719
15843
15822
15730
15697
15803
15853
15810
15702
15839
15778
15772
15708
15856
15771
15866
15836
15816
15828
15855
15799
15797
15733
15780
15790
15885
15841
15795
15774
15743
15748
15862
15766
15794
15886
15852
15718
15798
15751
15819
15840
15890
15736
15879
15859
15887
15904
15824
15701
15897
15865
15909
15848
15861
15787
15878
15818
15881
15868
15767
15873
15844
15916
15764
15921
15857
15892
15869
15912
15820
15922
15860
15811
15870
15918
15864
15802
15924
15768
15889
15788
15805
15838
15901
15375
15894
15829
15877
15920
15806
15863
15690
15854
15777
15821
15735
15812
15833
15760
15914
15929
15815
15899
15835
15850
15831
15966
15933
15872
15883
15793
15858
15906
15919
15826
15851
15925
15977
15765
15970
15975
15847
15837
15950
15978
15955
15952
15902
15895
15888
15876
15947
15983
15874
15936
15880
15951
15875
15973
15944
15992
15871
15986
15999
15958
15949
15834
15846
15957
16003
15867
15937
15997
16004
16009
16008
15891
15930
15988
15905
15989
15935
15882
15934
15908
15903
15911
15923
15976
15907
15884
15913
15974
15900
15972
15910
15927
15960
15991
15926
15984
15956
15939
10812
15931
15896
15898
15915
15954
15998
15928
15995
16002
15943
15942
16000
15917
15968
15893
15967
15945
16005
15932
15959
15979
15953
15994
15982
15940
15963
15964
15993
15987
15938
15962
15980
15961
15941
15946
15990
15996
15971
15985
16006
16007
15981
15948
15965
15969
16001
11218
10665
15783
13968
14969
14011
