6
12
17
0
13
38
35
8
10
32
9
93
4
28
18
81
46
50
53
99
52
36
73
23
15
16
20
68
47
41
60
61
97
86
65
101
104
21
49
90
59
67
43
63
57
37
29
74
39
109
34
117
83
51
7
111
96
100
115
75
119
98
82
107
113
84
139
114
105
120
149
125
123
141
121
103
19
5
143
131
33
31
26
126
166
3
78
27
14
40
153
156
137
58
70
77
48
171
157
44
87
56
30
25
11
1
62
144
69
169
160
129
175
180
55
71
89
181
95
85
94
66
177
80
168
195
106
22
110
102
132
76
198
186
211
201
204
130
124
184
188
122
145
189
187
45
197
178
128
196
24
200
228
179
205
161
216
223
135
214
140
2
225
91
207
231
245
236
206
234
243
229
217
108
238
258
251
240
230
170
237
134
138
127
162
254
244
248
226
163
250
259
165
255
151
72
133
164
185
174
158
155
278
270
173
242
146
148
193
279
150
194
260
281
282
261
182
269
215
291
274
285
253
247
154
257
167
176
191
203
118
212
273
256
305
192
183
209
299
252
42
208
172
142
266
88
321
199
159
313
288
300
54
294
325
314
304
297
328
213
112
79
319
271
147
306
210
220
289
116
136
246
296
311
190
302
272
322
202
64
326
92
235
221
316
287
349
345
348
227
224
222
219
329
249
309
320
275
375
378
265
218
264
233
293
239
344
262
342
369
338
366
268
241
371
362
276
277
391
357
232
393
368
355
347
377
380
286
283
280
312
408
354
374
406
425
419
292
401
284
372
413
307
303
301
398
295
267
327
353
310
290
298
317
323
430
403
315
405
364
318
432
340
384
308
424
367
330
416
392
333
386
443
351
437
427
370
434
397
359
376
442
426
334
400
336
450
423
407
457
331
356
420
415
363
471
341
469
460
465
390
455
447
464
324
343
461
361
388
383
337
385
352
335
439
404
379
435
346
463
449
480
431
339
452
381
485
483
360
332
470
451
414
399
389
411
467
365
394
484
514
487
505
520
513
481
373
498
387
530
522
528
486
412
396
532
517
418
531
482
539
507
516
497
506
382
495
350
538
358
417
429
537
488
544
436
509
523
553
527
554
422
421
535
558
462
402
456
428
541
515
556
501
476
409
569
536
564
548
446
438
440
566
555
459
458
395
410
577
579
576
547
433
453
593
590
567
454
574
600
502
496
479
472
444
561
603
500
609
580
489
490
540
478
445
474
592
503
562
584
466
477
473
521
526
568
578
591
448
512
441
492
563
504
589
608
493
606
519
585
587
560
602
518
468
572
617
612
594
632
599
510
656
508
637
644
475
645
626
653
582
543
545
533
542
499
491
613
620
654
627
636
649
657
658
546
669
650
525
614
668
618
549
685
655
641
678
573
494
570
581
598
551
680
524
557
552
693
595
575
529
646
667
687
706
699
666
662
534
631
674
605
673
616
694
559
689
619
586
623
704
588
672
660
686
571
610
624
721
723
696
152
550
621
611
601
622
597
647
692
707
731
705
629
630
747
746
638
634
734
710
701
607
583
628
711
755
615
753
625
727
749
565
683
725
764
768
718
772
651
771
640
661
761
708
596
675
759
754
773
778
781
741
713
716
643
665
784
730
763
682
795
677
679
635
642
738
802
770
697
728
776
633
659
664
671
663
652
765
808
745
757
803
729
722
712
805
684
736
709
817
809
787
766
690
648
695
670
700
786
827
703
688
777
782
639
830
681
838
815
676
744
835
756
821
824
702
791
719
733
720
840
794
801
858
698
847
715
850
780
769
739
857
750
785
856
852
714
726
854
831
864
871
767
867
880
865
691
879
872
735
732
751
737
717
796
793
743
760
758
882
837
853
814
810
892
792
889
816
874
724
748
895
897
818
846
839
813
890
842
829
804
901
914
806
860
906
918
742
762
752
881
825
899
919
844
885
898
934
870
774
812
876
779
783
910
836
820
800
822
797
917
939
912
938
908
920
883
884
790
937
811
878
863
833
921
935
894
915
956
828
891
957
848
886
911
933
954
834
807
869
841
868
926
862
961
913
932
947
949
943
832
843
909
893
826
968
958
849
861
979
855
952
799
981
823
976
922
819
930
971
866
970
927
875
967
798
1004
988
775
951
851
905
974
983
788
740
1012
1001
987
993
984
900
924
1017
896
789
1000
1019
1022
1027
1028
1029
992
998
982
907
997
1024
1010
877
904
887
980
945
1038
1033
948
1008
873
1030
845
928
996
1018
1026
953
1021
1046
1050
962
1034
1065
888
1011
986
916
1044
959
925
902
1056
1064
1043
973
903
978
940
1042
941
1063
991
985
1074
1057
1049
859
995
950
1082
1059
1073
1087
1066
1013
1058
1005
1070
1067
1078
923
1092
1084
931
1062
966
1068
1086
989
1103
1096
1083
1118
1006
1080
977
1023
1123
1110
1091
1105
1036
929
1101
1114
1048
946
1111
1089
1112
1054
1107
975
936
1009
963
972
1109
1128
969
1060
1098
994
1135
1002
1020
965
1007
1016
942
1003
1031
990
999
1115
1130
1040
1045
1144
1035
1153
1140
1100
1133
1061
1041
1167
1095
1131
1015
1132
1052
1085
1094
944
1137
960
1014
1055
1053
1148
1093
1088
1158
1039
1037
1069
1075
1165
1125
1136
964
1176
1175
1184
955
1180
1166
1183
1159
1196
1106
1192
1119
1193
1178
1051
1188
1090
1207
1190
1194
1215
1205
1157
1143
1220
1200
1198
1108
1189
1209
1164
1170
1203
1210
1122
1195
1072
1113
1081
1116
1152
1047
1134
1181
1155
1185
1171
1025
1234
1141
1154
1221
1208
1156
1225
1238
1138
1163
1145
1223
1124
1248
1071
1104
1097
1139
1146
1213
1102
1129
1240
1127
1236
1079
1099
1120
1242
1253
1245
1244
1117
1265
1172
1151
1149
1177
1187
1168
1218
1239
1199
1160
1284
1121
1289
1204
1243
1174
1161
1032
1259
1266
1173
1264
1254
1251
1217
1292
1268
1147
1179
1076
1255
1276
1229
1262
1288
1206
1211
1287
1316
1267
1237
1197
1202
1214
1191
1317
1224
1298
1231
1310
1186
1297
1235
1201
1228
1182
1252
1304
1305
1150
1230
1321
1247
1241
1279
1314
1294
1333
1326
1162
1126
1295
1293
1216
1296
1269
1169
1142
1226
1315
1219
1300
1246
1274
1336
1077
1233
1320
1344
1222
1261
1359
1260
1286
1335
1250
1342
1270
1345
1339
1302
1351
1377
1375
1348
1341
1330
1272
1376
1258
1263
1257
1280
1346
1380
1368
1275
1390
1212
1386
1381
1371
1273
1361
1357
1283
1374
1366
1398
1367
1393
1354
1394
1301
1277
1299
1291
1363
1384
1311
1278
1322
1232
1355
1256
1325
1249
1385
1399
1391
1417
1282
1392
1271
1373
1306
1408
1349
1420
1397
1416
1389
1425
1434
1340
1324
1329
1332
1396
1403
1318
1436
1388
1337
1402
1327
1433
1415
1407
1413
1347
1426
1412
1451
1423
1319
1281
1427
1419
1290
1309
1285
1313
1331
1457
1438
1328
1452
1473
1441
1334
1350
1471
1370
1352
1303
1445
1460
1401
1353
1455
1338
1369
1358
1446
1404
1476
1442
1343
1312
1482
1395
1464
1387
1372
1448
1307
1308
1323
1453
1439
1470
1463
1483
1475
1509
1360
1474
1502
1469
1497
1468
1486
1472
1418
1499
1517
1356
1382
1379
1432
1461
1362
1516
1492
1383
1508
1406
1487
1528
1435
1424
1411
1430
1409
1400
1518
1422
1529
1429
1534
1512
1498
1544
1410
1484
1479
1539
1365
1530
1364
1437
1540
1560
1405
1421
1532
1378
1541
1515
1466
1564
1478
1456
1511
1543
1545
1524
1440
1546
1431
1522
1449
1562
1579
1450
1569
1465
1428
1556
1552
1578
1585
1558
1547
1444
1503
1488
1454
1489
1414
1575
1494
1582
1557
1491
1565
1566
1520
1572
1580
1553
1459
1590
1583
1611
1584
1458
1612
1467
511
1615
1602
1485
1573
1504
1581
1608
1623
1535
1526
1592
1609
1627
1593
1607
1605
1519
1598
1589
1597
1628
1477
1507
1514
1631
1567
1639
1490
1596
1537
1505
1480
1642
1643
1536
1613
1527
1493
1495
1523
1649
1630
1651
1548
1645
1647
1656
1632
1506
1501
1531
1533
1500
1644
1525
1510
1513
1538
1443
1542
1561
1549
1668
1633
1661
1635
1678
1675
1638
1568
1653
1667
1626
1227
1646
1670
1447
1570
1576
1551
1595
1662
1571
1677
1496
1695
1696
1594
1559
1563
1600
1705
1591
1654
1655
1681
1550
1601
1669
1683
1676
1599
1686
1555
1521
1712
1710
1652
1622
1577
1694
1707
1574
1462
1722
1700
1481
1689
1663
1682
1740
1720
1586
1636
1618
1610
1588
1714
1735
1742
1738
1587
1698
1637
1657
1726
1634
1629
1617
1693
1621
1616
1730
1717
1732
1604
1606
1659
1731
1713
1739
1767
1741
1614
1665
1755
1658
1748
1750
1729
1773
1673
1744
1603
1758
1641
1674
1703
1757
1777
1781
1782
1747
1774
1734
1620
1778
1672
1619
1666
1648
1746
1786
1704
1690
1768
1785
1650
1801
1803
1625
1640
1809
1664
1814
1779
1783
1807
1788
1687
1697
1721
1691
1789
1624
1795
1792
1679
1822
1685
1702
1671
1810
1688
1708
1791
1830
1808
1787
1762
1831
1832
1843
1711
1736
1815
1793
1724
1845
1684
1841
1813
1817
1680
1692
1728
1715
1851
1706
1837
1719
1858
1820
1868
1847
1737
1743
1771
1759
1844
1745
1753
1769
1699
1861
1751
1752
1849
1723
1798
1799
1733
1770
1709
1763
1760
1790
1869
1872
1775
1754
1857
1873
1797
1749
1862
1776
1780
1888
1766
1765
1892
1756
1883
1870
1784
1794
1885
1887
1878
1894
1880
1806
1725
1884
1805
1902
1800
1834
1701
1906
1811
1911
1828
1827
1727
1901
1816
1914
1920
1912
1716
1826
1886
1918
1660
1927
1859
1928
1833
1839
1772
1823
1804
1936
1905
1934
1890
1898
1821
1850
1925
1876
1881
1796
1718
1951
1899
1945
1838
1761
1948
1764
1941
1931
1952
1910
1943
1958
1942
1818
1825
1852
1879
1819
1812
1955
1835
1949
1947
1846
1860
1974
1953
1848
1978
1950
1933
1977
1937
1971
1962
1829
1874
1985
1973
1864
1968
1877
1863
1836
1967
1856
1994
1987
1993
1871
1842
1995
1893
1966
1802
1840
1855
1961
1997
1824
1882
2009
1896
1992
1904
1867
1865
1854
2012
1923
2000
1972
1908
1891
2031
2001
1946
1913
2019
1940
1916
2034
1964
2029
2007
2016
2011
1875
1998
2045
1853
2017
1907
2027
2015
2036
2024
2021
2018
2035
2048
1924
2047
2014
2052
1903
1984
1897
1930
1922
2013
2033
2051
1900
1895
2038
1889
2050
2037
2055
1932
1965
1963
2070
1988
1990
1959
1969
1919
1909
1970
1980
2061
2044
2059
1975
2076
2010
2042
2078
1939
2071
1921
2082
1960
2074
2065
2084
2049
1935
2063
2060
1979
2073
2068
1957
2094
2086
1917
2087
2092
2098
2097
2085
2005
1929
1982
2115
2107
2113
2119
1989
2089
1926
2105
1956
1938
1915
1944
2025
2006
1991
2003
2133
2117
1999
1996
2002
1981
2139
2008
1954
2149
2032
2023
2142
2144
2136
2137
2143
2056
2030
2054
2140
2039
2020
2160
2004
2093
2152
1976
2151
2162
2022
2164
1983
2041
2040
2026
2159
2165
2167
2169
2172
2095
2170
2043
2187
2186
2181
2177
2120
2185
2178
2062
2179
2075
2190
2195
2123
2103
2193
2126
2194
2182
2118
2057
2145
2201
2028
2199
2204
2132
2129
2125
2101
2198
2141
2168
2207
2150
2176
2135
2081
2155
2211
2216
2099
2090
604
2220
2208
2203
2209
2214
2222
2158
2221
2202
2218
2134
2106
2147
2104
2100
2138
1986
2116
2239
2058
2200
2166
2091
2229
2066
2234
2236
2237
2080
2246
2219
2248
2192
2131
2108
2251
2247
2197
2250
2256
2088
2245
2263
2064
2077
2121
2259
2257
2148
2153
2102
2072
2127
2154
2255
2269
2266
2217
2114
2053
2227
2083
2110
2206
2069
2079
2128
2111
2272
2109
2156
2124
2046
2282
2146
2212
2262
2224
2223
2279
2286
2067
2293
2130
2303
2289
2215
2295
2302
2298
2096
2294
2305
2299
2233
2311
2315
2290
2288
2228
2291
2317
2296
2281
2318
2226
2213
2210
2157
2174
2253
2284
2260
2325
2238
2328
2314
2307
2322
2188
2273
2278
2184
2235
2180
2189
2323
2265
2173
2347
2332
2230
2249
2175
2163
2297
2357
2333
2343
2300
2345
2337
2171
2241
2316
2274
2191
2354
2225
2271
2364
2254
2350
2242
2375
2252
2232
2231
2183
2280
2308
2369
2306
2355
2379
2244
2365
2368
2370
2341
2268
2372
2270
2258
2352
2309
2359
2374
2389
2373
2387
2243
2329
2386
2264
2310
2385
2378
2383
2409
2261
2240
2292
2408
2406
2399
2349
2196
2384
2415
2391
2330
2312
2388
2382
2411
2287
2340
2417
2398
2321
2276
2407
2283
2392
2161
2346
2363
2339
2412
2423
2430
2410
2267
2335
2403
2443
2285
2358
2277
2122
2456
2327
2112
2301
2205
2432
2320
2421
2448
2275
2319
2344
2371
2464
2462
2442
2427
2313
2451
2428
2439
2376
2444
2353
2467
2438
2445
2377
2447
2326
2304
2342
2404
2351
2324
2468
2446
2436
2455
2482
2475
2431
2362
2466
2348
2474
2460
2429
2479
2441
2433
2334
2480
2478
2508
2331
2393
2397
2487
2489
2497
2400
2361
2449
2338
2499
2503
2401
2360
2502
2528
2510
2367
2496
2486
2402
2366
2518
2506
2521
2541
2533
2405
2476
2394
2414
2396
2380
2536
2544
2542
2381
2416
2434
2420
2426
2530
2424
2390
2543
2551
2526
2435
2469
2553
2556
2440
2413
2546
2422
2490
2567
2545
2549
2572
2575
2511
2559
2465
2463
2568
2459
2558
2578
2584
2336
2586
2563
2450
2437
2569
2571
2395
2554
2574
2454
2585
2582
2356
2573
2483
2515
2588
2495
2473
2491
2500
2589
2581
2485
2425
2516
2591
2481
2484
2498
2579
2561
2525
2512
2564
2458
2457
2419
2472
2613
2507
2488
2598
2607
2590
2594
2452
2504
2471
2609
2514
2470
2631
2597
2626
2519
2529
2492
2494
2453
2615
2610
2618
2418
2637
2461
2477
2638
2517
2622
2522
2547
2537
2552
2642
2634
2509
2644
2527
2611
2501
2653
2616
2658
2619
2513
2666
2531
2662
2629
2681
2540
2534
2535
2548
2532
2673
2604
2562
2523
2539
2520
2493
2538
2689
2682
2665
2599
2668
2691
2557
2593
2505
2580
2587
2671
2612
2694
2695
2560
2702
2625
2707
2605
2565
2550
2697
2592
2710
2608
2633
2570
2524
2647
2635
2577
2656
2661
2660
2555
2632
2700
2711
2623
2614
2576
2621
2602
2701
2601
2639
2717
2600
2603
2596
2640
2617
2730
2636
2663
2641
2620
2649
2566
2714
2712
2583
2652
2675
2745
2630
2624
2735
2725
2643
2667
2719
2674
2751
2723
2757
2720
2645
2744
2595
2738
2677
2758
2727
2657
2648
2766
2756
2627
2664
2680
2659
2764
2646
2739
2769
2768
2688
2685
2706
2734
2628
2741
2698
2692
2748
2782
2774
2775
2753
2783
2784
2763
2750
2795
2760
2779
2708
2798
2755
2699
2650
2709
2787
2676
2651
2654
2670
2678
2683
2765
2780
2808
2716
2799
2696
2693
2805
2827
2821
2669
2823
2786
2800
2777
2655
2802
2679
2829
2770
2686
2672
2809
2797
2772
2718
2792
2832
2796
2726
2844
2790
2729
2847
2814
2724
2687
2845
2746
2743
2737
2836
2815
2789
2785
2793
2776
2704
2705
2690
2830
2752
2837
2848
2817
2804
2811
2703
2852
2684
2859
2819
2740
2742
2833
2856
2865
2869
2767
2835
2831
2867
2840
2876
2851
2877
2873
2843
2884
2863
2883
2841
2886
2794
2854
2879
2861
2759
2761
2894
2715
2906
2731
2722
2732
2778
2878
2736
2872
2807
2903
2908
2881
2888
2887
2880
2885
2747
2754
2806
2918
2721
2901
2812
2890
2762
2911
2868
2828
2871
2915
2904
2728
2791
2921
2773
2803
2891
2912
2932
2825
2771
2920
2824
2937
2889
2919
2942
2934
2822
2928
2941
2913
2860
2925
2862
2826
2927
2910
2838
2953
2839
2958
2922
2969
2961
2952
2960
2923
2858
2781
2733
2965
2820
2713
2949
2749
2944
2967
2870
2914
2980
2962
2810
2813
2816
2801
2970
2954
2842
2855
2866
2973
2989
2999
2981
2875
2907
2857
2992
2993
3008
2977
2963
2834
2849
2957
2930
3001
2864
2899
2926
2818
2905
2994
2986
3000
2853
3015
2788
2882
3025
2988
3013
2846
2935
2924
2946
3021
2902
2939
3010
3019
2893
2895
2892
3024
3029
2951
2940
3007
2606
3002
2933
2850
3018
2916
3035
3048
3031
3036
3038
3052
3041
3049
2966
3047
3020
3034
3055
3042
2964
2984
2938
2956
3057
2950
3033
3064
3059
2874
2987
2900
2896
2975
2959
3053
3050
3066
2929
3071
2971
2931
3076
3058
2897
2898
2943
2997
2917
3089
3078
3056
2955
2909
3061
3011
3070
3083
2968
2978
2979
3060
2948
3072
3096
3068
2985
2947
3027
2976
2990
3095
2995
3039
3106
2982
2983
3023
3081
2991
3045
2936
2972
3125
3099
3112
2998
3005
3129
3006
3134
2945
3115
3133
3026
3003
2974
3051
3122
3135
3004
3100
3149
2996
3110
3030
3046
3155
3009
3162
3073
3012
3079
3151
3164
3080
3062
3054
3146
3044
3091
3043
3143
3074
3017
3163
3093
3088
3168
3014
3128
3063
3173
3077
3144
3016
3141
3116
3172
3087
3067
3169
3069
3028
3166
3082
3153
3107
3086
3167
3124
3090
3188
3148
3150
3189
3114
3161
3206
3174
3194
3032
3022
3185
3103
3180
3199
3202
3040
3203
3142
3037
3198
3119
3108
3210
3201
3211
3195
3113
3101
3111
3098
3065
3200
3223
3102
3196
3109
3215
3094
3130
3097
3092
3084
3182
3121
3104
3123
3222
3145
3126
3228
3120
3117
3118
3234
3131
3190
3085
3232
3245
3242
3247
3170
3154
3179
3238
3208
3139
3241
3227
3239
3075
3225
3204
3240
3187
3171
3237
3259
3221
3165
3178
3105
3137
3236
3271
3269
3280
3257
3132
3275
3274
3176
3197
3186
3158
3288
3136
3285
3283
3291
3175
3183
3156
3140
3160
3159
3297
3147
3157
3191
3301
3276
3305
3278
3310
3184
3127
3138
3181
3279
3304
3255
3287
3213
3309
3282
3152
3193
3284
3192
3318
3268
3306
3308
3295
3328
3212
3253
3270
3231
3265
3338
3226
3317
3329
3333
3303
3217
3177
3330
3345
3235
3344
3312
3218
3224
3351
3254
3264
3252
3233
3205
3323
3316
3349
3258
3289
3286
3214
3243
3249
3209
3244
3261
3219
3230
3315
3220
3260
3256
3266
3346
3296
3272
3251
3262
3250
3365
3368
3335
3216
3371
3334
3375
3277
3281
3378
3229
3267
3207
3376
3395
3360
3379
3248
3357
3386
3359
3314
3339
3414
3397
3340
3404
3417
3302
3387
3394
3246
3326
3382
3391
3399
3383
3380
3406
3411
3396
3418
3388
3336
3392
3390
3410
3423
3327
3263
3332
3363
3319
3273
3413
3373
3370
3311
3325
3321
3320
3300
3424
3432
3324
3369
3350
3337
3313
3422
3421
3419
3342
3290
3292
3442
3343
3461
3447
3361
3441
3457
3446
3450
3428
3443
3455
3353
3465
3364
3449
3439
3437
3298
3431
3435
3354
3482
3480
3475
3472
3483
3348
3367
3385
3445
3307
3481
3393
3476
3294
3464
3473
3347
3356
3389
3384
3467
3485
3400
3459
3420
3381
3293
3430
3501
3470
3471
3408
3434
3322
3362
3366
3503
3355
3358
3374
3494
3498
3299
3513
3425
3444
3352
3429
3331
3524
3416
3458
3493
3490
3415
3341
3486
3398
3538
3412
3541
3409
3545
3426
3528
3403
3456
3510
3546
3535
3427
3407
3551
3553
3511
3451
3500
3401
3552
3529
3372
3516
3492
3440
3531
3526
3563
3436
3539
3468
3405
3438
3460
3448
3569
3504
3522
3518
3550
3577
3402
3453
3578
3477
3462
3489
3433
3452
3478
3523
3463
3520
3558
3585
3454
3547
3559
3579
3491
3555
3484
3561
3571
3601
3566
3591
3466
3568
3607
3615
3614
3556
3617
3613
3506
3495
3377
3584
3474
3519
3514
3582
3497
3567
3496
3502
3593
3512
3600
3507
3537
3629
3549
3508
3602
3487
3536
3588
3517
3612
3521
3621
3505
3479
3527
3562
3565
3499
3609
3469
3637
3543
3646
3647
3643
3488
3544
3548
3530
3515
3542
3554
3564
3619
3635
3509
3573
3622
3540
3645
3570
3653
3631
3660
3654
3576
3628
3641
3664
3532
3580
3644
3632
3598
3534
3691
3681
3583
3692
3683
3599
3661
3575
3592
3693
3606
3557
3672
3525
3533
3623
3665
3651
3590
3597
3589
3666
3704
3574
3700
3610
3658
3627
3639
3648
3616
3572
3603
3677
3680
3656
3640
3720
3636
3717
3698
3690
3642
3697
3674
3723
3695
3730
3678
3733
3630
3706
3727
3688
3740
3586
3685
3581
3729
3696
3596
3708
3669
3657
3620
3608
3668
3712
3625
3749
3633
3673
3655
3670
3689
3618
3715
3638
3560
3587
3755
3604
3650
3605
3709
3595
3732
3714
3724
3757
3743
3594
3659
3739
3736
3753
3701
3649
3626
3728
3713
3652
3744
3667
3634
3768
3787
3675
3742
3663
3687
3686
3767
3684
3795
3759
3771
3752
3790
3764
3707
3782
3798
3682
3662
3803
3793
3813
3772
3781
3780
3711
3725
3777
3716
3827
3821
3738
3703
3791
3745
3811
3699
3805
3710
3671
3766
3809
3735
3831
3719
3829
3836
3828
3837
3721
3676
3801
3756
3810
3800
3702
3844
3769
3788
3761
3854
3778
3856
3806
3845
3763
3750
3846
3851
3694
3734
3718
3741
3863
3705
3722
3726
3797
3611
3784
3746
3815
3760
3679
3783
3774
3794
3785
3842
3869
3868
3825
3883
3864
3731
3624
3737
3884
3850
3762
3859
3879
3776
3876
3765
3812
3773
3858
3852
3779
3861
3770
3748
3775
3758
3887
3802
3808
3848
3786
3807
3904
3754
3796
3890
3819
3866
3747
3820
3916
3816
3908
3903
3804
3838
3927
3909
3824
3792
3843
3799
3912
3926
3932
3933
3906
3910
3832
3823
3901
3789
3929
3899
3939
3900
3902
3913
3928
3920
3937
3751
3814
3925
3855
3853
3818
3922
3849
3834
3817
3921
3830
3943
3835
3965
3954
3956
3841
3944
3826
3885
263
3973
3919
3872
3934
3935
3970
3938
3967
3860
3960
3955
3977
3961
3822
3958
3871
3882
3870
3989
3981
3878
3953
3857
3976
3996
3914
3867
3888
3993
3886
3980
3896
3988
3865
3893
3962
4001
3833
3847
3931
3911
3892
3978
3862
3998
4000
4009
3880
4008
3840
4004
4010
3839
3982
4022
3895
3891
4007
4006
3881
3894
3877
3923
3889
3917
4005
3963
4044
4014
3918
4036
4035
3907
4011
4046
3873
3875
4023
3957
3930
4016
3905
3898
3936
3924
3945
4033
4037
4012
3874
3948
4032
3915
3991
3947
3972
3952
4025
4018
4015
4058
3941
3995
4024
4055
4065
3959
3975
3971
4038
4057
3897
3992
4066
4067
4075
3990
4013
4082
3974
4071
4076
4087
4064
3942
3984
4050
4068
4061
3950
3979
4062
3968
3997
4051
4077
4092
4093
3951
3949
3940
4069
3966
4107
4117
4113
4096
3987
4028
4103
4120
4129
4104
4094
4119
3969
4042
4048
3946
4111
4097
4019
4139
4039
4136
4017
4108
4021
4127
4112
4101
4141
4031
4102
3986
4026
3985
4134
3964
4043
4059
3983
4146
4027
4030
3999
4144
4020
4003
3994
4150
4099
4130
4156
4159
4078
4166
4126
4029
4171
4110
4073
4091
4056
4100
4172
4041
4153
4109
4089
4084
4002
4142
4049
4047
4116
4040
4170
4152
4053
4045
4063
4079
4072
4070
4165
4083
4080
4085
4189
4106
4157
4199
4181
4128
4088
4151
4182
4121
4118
4115
4034
4074
4164
4173
4090
4197
4201
4081
4190
4186
4052
4202
4054
4135
4177
4211
4220
4131
4205
4204
4137
4198
4196
4114
4200
4124
4169
4210
4217
4148
4225
4209
4240
4206
4230
4237
4223
4235
4214
4086
4187
4227
4060
4125
4250
4123
4155
4149
4239
4246
4255
4221
4228
4249
4179
4226
4256
4122
4258
4268
4269
4213
4175
4251
4243
4158
4222
4257
4215
4278
4163
4272
4289
4154
4161
4178
4133
4262
4105
4132
4138
4098
4095
4282
4267
4176
4188
4180
4290
4280
4174
4160
4279
4168
4297
4298
4183
4302
4140
4307
4231
4167
4143
4296
4309
4193
4229
4184
4303
4322
4203
4162
4317
4208
4332
4192
4311
4147
4194
4288
4191
4212
4233
4207
4321
4244
4236
4340
4308
4304
4343
4325
4331
4341
4306
4327
4324
4347
4353
4348
4185
4339
4195
4145
4245
4359
4218
4358
4342
4344
4224
4360
4270
4219
4216
4254
4265
4371
4370
4248
4285
4232
4351
4291
4286
4263
4346
4378
4264
4295
4379
4247
4352
4241
4252
4281
4238
4274
4382
4259
4271
4373
4372
4299
4335
4234
4294
4284
4375
4395
4401
4381
4277
4273
4393
4397
4260
4275
4318
4316
4328
4319
4408
4361
4266
4398
4369
4276
4418
4391
4412
4407
4420
4292
4419
4283
4314
4431
4439
4301
4394
4427
4385
4323
4396
4440
4253
4437
4287
4446
4425
4416
4435
4422
4449
4334
4433
4364
4326
4336
4261
4457
4434
4242
4354
4442
4424
4392
4305
4466
4313
4366
4365
4455
4333
4464
4368
4293
4310
4411
4448
4320
4329
4315
4452
4402
4443
4350
4465
4461
4357
4456
4337
4338
4436
4400
4454
4469
4356
4491
4312
4403
4470
4484
4467
4496
4473
4480
4492
4413
4488
4362
4507
4404
4444
4376
4474
4386
4509
4383
4384
4506
4330
4349
4493
4499
4508
4497
4526
4530
4525
4399
4300
4519
4528
4450
4520
4367
4513
4453
4515
4355
4345
4477
4539
4540
4545
4549
4390
4529
4462
4533
4441
4389
4548
4557
4556
4532
4405
4558
4542
4487
4377
4423
4387
4562
4565
4468
4380
4438
4501
4503
4559
4410
4550
4489
4568
4574
4505
4543
4485
4429
4575
4428
4445
4406
4388
4573
4483
4514
4417
4459
4475
4374
4531
4560
4510
4579
4581
4580
4588
4463
4577
4432
4476
4602
4460
4478
4594
4593
4451
4512
4447
4597
4598
4500
4479
4596
4494
4458
4589
4585
4498
4607
4527
4537
4595
4536
4426
4472
4567
4521
4415
4623
4486
4624
4495
4409
4490
4482
4471
4481
4627
4630
4551
4631
4639
4615
4628
4538
4643
4516
4621
4613
4518
4650
4502
4414
4646
4649
4430
4564
4616
4547
4654
4634
4522
4653
4635
4504
4632
4640
4517
4544
4552
4619
4659
4534
4553
4603
4674
4611
4676
4683
4664
4669
4578
4678
4657
4576
4524
4681
4586
4541
4666
4637
4561
4685
4670
4660
4590
4693
4682
4636
4570
4618
4599
4569
4697
4571
4583
4703
4706
4572
4694
4699
4629
4554
4707
4696
4700
4511
4710
4606
4702
4718
4610
4563
4641
4620
4584
4633
4591
4644
4714
4690
4704
4604
4622
4600
4705
4717
4713
4605
4711
4723
4719
4617
4738
4609
4587
4722
4647
4614
4421
4626
4679
4731
4758
4736
4740
4737
4742
4757
4756
4735
4655
4747
4680
4648
4759
4763
4652
4755
4745
4642
4765
4645
4762
4662
4661
4656
4720
4687
4750
4546
4766
4771
4675
4673
4612
4770
4582
4672
4727
4778
4777
4760
4787
4663
4692
4734
4651
4746
4715
4535
4691
4716
4761
4802
4768
4783
4752
4555
4684
4780
4725
4671
4665
4566
4795
4793
4776
4726
4608
4809
4638
4667
4799
4797
4688
4796
4789
4820
4821
4625
4523
4601
4668
4816
4827
4815
4698
4701
4724
4792
4658
4822
4748
4837
4840
4592
4781
4825
4814
4677
4834
4811
4829
4824
4739
4835
4712
4733
4858
4695
4764
4686
4743
4845
4832
4689
4774
4744
4767
4838
4728
4847
4732
4779
4864
4708
4721
4882
4853
4856
4869
4741
4730
4788
4881
4875
4889
4861
4873
4772
4709
4749
4807
4817
4892
4773
4880
4801
4754
4798
4729
4878
4791
4885
4751
4794
4877
4775
4893
4812
4894
4790
4863
4908
4784
4916
4753
4769
4890
4800
4804
4923
4785
4842
4828
4810
4850
4830
4914
4803
4918
4876
4819
4867
4936
4891
4786
4942
4935
4866
4903
4938
4919
4930
4848
4806
4862
4952
4818
4955
4782
4857
4859
4844
4895
4851
4951
4826
4945
4874
4808
4841
4823
4868
4929
4934
4912
4944
4949
4940
4928
4805
4932
4965
4931
4911
4896
4852
4899
4943
4969
4909
4977
4982
4910
4846
4860
4963
4843
4954
4956
4871
4813
4836
4957
4884
4888
4913
4988
4920
4898
4980
4964
5004
4992
4833
4886
5001
4839
4993
4855
4872
4939
4970
4849
5008
4986
4870
4854
4865
5014
4948
4902
5021
5006
4897
4981
4926
4962
5020
4989
4883
4915
4941
4973
4998
4924
5032
4946
4879
5037
5011
5028
5015
5045
5003
5029
5007
5049
5036
4933
4887
5024
5025
5027
5022
5042
5010
5002
4947
4906
4907
4901
5039
5048
5055
5052
5050
4921
5047
5063
4905
5040
4950
4927
5023
4900
5059
4904
5064
5062
5061
4953
5031
5079
5084
5060
5083
5051
5069
4831
4917
4959
4990
5075
4922
5081
5090
4994
4925
5096
5103
5110
4961
4958
5054
5085
5078
4978
5074
5070
5094
4971
4997
4968
5018
4972
4966
5108
5102
4979
5123
5130
5118
5128
5131
5135
4984
5113
5038
4983
5122
5044
5121
5043
5033
4991
5034
4996
5134
4975
4960
5146
4976
5068
5139
4967
5077
5013
5151
5000
5158
4937
5156
5005
5067
4995
5162
5019
5012
5017
5163
5046
5142
5026
4985
5065
4974
5057
5159
5099
5101
4987
5080
5165
5169
5167
5016
5178
5035
5087
5184
5053
5170
4999
5136
5117
5041
5104
5173
5172
5143
5088
5082
5120
5106
5098
5124
5166
5175
5190
5186
5058
5086
5132
5073
5180
5137
5183
5204
5095
5209
5202
5188
5100
5152
5111
5030
5115
5155
5009
5225
5222
5197
5214
5105
5194
5210
5072
5201
5206
5109
5056
5107
5097
5133
5127
5089
5219
5236
5223
5112
5093
5066
5153
5239
5116
5126
5232
5076
5092
5231
5224
5258
5141
5125
5217
5138
5252
5254
5129
5241
5211
5230
5119
5235
5240
5242
5145
5091
5269
5238
5248
5164
5276
5071
5279
5281
5247
5257
5160
5284
5140
5266
5114
5192
5161
5272
5270
5144
5291
5157
5285
5277
5249
5274
5196
5199
5304
5189
5177
5280
5302
5221
5297
5306
5296
5215
5181
5220
5312
5212
5216
5260
5298
5267
5322
5171
5299
5195
5301
5287
5198
5193
5325
5321
5323
5147
5213
5320
5237
5308
5207
5182
5191
5303
5200
5295
5246
5338
5228
5253
5337
5174
5342
5327
5268
5245
5264
5150
5179
5349
5353
5351
5343
5356
5261
5263
5286
5273
5244
5226
5348
5168
5234
5336
5233
5250
5331
5149
5344
5300
5265
5346
5203
5148
5370
5278
5205
5359
5227
5389
5255
5294
5288
5387
5341
5395
5256
5379
5369
5208
5305
5259
5376
5262
5397
5366
5396
5282
5340
5311
5318
5375
5380
5324
5293
5391
5386
5335
5309
5390
5292
5398
5414
5423
5185
5317
5426
5417
5392
5289
5229
5176
5421
5283
5433
5418
5251
5310
5425
5315
5271
5407
5275
5319
5422
5378
5411
5367
5332
5427
5314
5394
5357
5307
5372
5243
5345
5360
5218
5316
5352
5361
5350
5444
5441
5290
5381
5363
5313
5358
5456
5455
5354
5440
5382
5464
5446
5466
5470
5442
5459
5457
5463
5384
5474
5449
5385
5475
5467
5452
5476
5478
5479
5450
5408
5486
5406
5355
5468
5383
5334
5330
5329
5347
5499
5477
5497
5399
5420
5373
5154
5371
5435
5339
5362
5505
5447
5404
5493
5509
5490
5416
5333
5514
5518
5512
5507
5403
5415
5523
5526
5530
5529
5525
5516
5534
5400
5409
5364
5491
5402
5462
5451
5328
5485
5437
5531
5431
5365
5410
5326
5374
5461
5520
5465
5368
5377
5540
5434
5547
5560
5557
5561
5428
5388
5424
5439
5553
5429
5543
5494
5393
5542
5550
5438
5565
5568
5412
5454
5555
5551
5575
5572
5582
5472
5487
5419
5443
5401
5567
5488
5500
5405
5562
5564
5453
5583
5563
5473
5513
5430
5481
5511
5471
5492
5585
5489
5460
5436
5574
5458
5503
5483
5469
5589
5598
5606
5445
5576
5587
5413
5510
5495
5588
5517
5610
5484
5541
5577
5623
5599
5608
5502
5584
5620
5580
5601
5627
5448
5501
5482
5590
5581
5498
5626
5621
5538
5595
5545
5546
5519
5600
5504
5594
5609
5597
5548
5605
5539
5611
5641
5544
5644
5603
5432
5533
5645
5646
5496
5629
5654
5613
5532
5647
5637
5536
5506
5624
5657
5658
5619
5537
5666
5515
5673
5528
5521
5615
5668
5639
5635
5524
5554
5592
5622
5579
5630
5680
5616
5686
5689
5682
5569
5187
5612
5527
5695
5508
5699
5663
5671
5586
5602
5552
5549
5703
5685
5711
5566
5558
5522
5535
5625
5634
5715
5669
5716
5723
5724
5700
5596
5728
5704
5570
5571
5556
5721
5578
5638
5705
5736
5678
5734
5718
5591
5691
5640
5643
5731
5636
5743
5559
5698
5737
5650
5710
5750
5670
5667
5642
5618
5753
5687
5651
5748
5733
5693
5752
5593
5607
5740
5660
5756
5617
5604
5767
5573
5632
5768
5701
5614
5766
5772
5653
5758
5780
5631
5771
5684
5656
5706
5628
5652
5681
5720
5776
5763
5665
5774
5659
5783
5759
5788
5773
5679
5664
5762
5708
5648
5649
5785
5798
5672
5764
5810
5792
5661
5676
5790
5655
5692
5712
5805
5683
5814
5807
5816
5793
5677
5789
5747
5726
5808
5823
5745
5722
5702
5796
5633
5688
5690
5781
5729
5822
5800
5709
5813
5765
5838
5719
5727
5815
5806
5830
5802
5824
5809
5832
5714
5730
5827
5741
5696
5848
5818
5840
5826
5852
5713
5662
5697
5707
5694
5829
5674
5675
5834
5842
5869
5851
5861
5868
5864
5836
5751
5847
5873
5870
5742
5784
5757
5799
5865
5855
5888
5844
5863
5797
5787
5778
5887
5860
5866
5893
5894
5770
5896
5755
5882
5739
5892
5761
5891
5867
5858
5883
5812
5899
5769
5782
5760
5749
5885
5775
5820
5886
5911
5717
5914
5735
5917
5831
5902
5811
5843
5754
5872
5804
5835
5850
5932
5931
5903
5918
5877
5794
5929
5915
5791
5923
5854
5779
5845
5825
5876
5857
5795
5940
5941
5817
5738
5916
5859
5943
5954
5936
5920
5846
5939
5856
5921
5945
5908
5833
5958
5837
5930
5819
5839
5938
5897
5956
5890
5853
5934
5746
5937
5950
5744
5725
5975
5841
5959
5803
5990
5965
5995
5988
5986
5994
5898
5828
5960
5962
5949
5786
5933
5895
5884
5777
5984
5964
5878
5874
6013
5977
6000
5981
5909
5925
5922
6015
5912
5913
5880
5942
5996
5947
5978
6005
5849
5963
5821
5889
5993
1554
6017
6026
5871
6025
5904
6037
5906
5901
5905
6034
6008
5879
6022
6009
5801
6033
6003
6028
6043
5926
5919
5881
5928
5907
5953
5862
5900
5924
6036
5927
6046
6042
6041
6019
6044
5910
5875
6024
6047
6038
6070
5948
6051
5946
5935
5982
6073
5976
5980
6076
5955
5952
6061
6078
6074
6064
6066
6072
6035
6068
6069
6031
5985
5972
6089
6045
6087
6090
6081
6007
6097
6011
6002
6065
6060
6099
6080
5970
6055
6098
6096
6083
5998
6100
5987
5989
6001
5992
5991
6111
6102
6018
5999
6016
6126
6004
5997
6014
6120
6094
6117
6108
6136
6085
6048
5944
5966
5951
5957
6029
6119
6010
6122
6144
6032
6059
5967
5969
5971
5961
5974
5973
6131
6124
6027
6057
6134
6050
6129
6052
6095
6149
6039
6091
6040
6023
6147
6021
5983
6167
6148
6053
6012
6121
6030
5979
6062
6170
6063
6138
6165
6171
6143
6178
6103
6075
6082
6077
6116
6084
6173
6177
6174
6058
6006
6158
6139
6093
6153
6067
6200
6151
6071
6169
6107
6207
6105
5968
6160
6154
6183
6206
6112
6135
6179
6118
6054
6195
6086
6164
6211
6141
6115
6079
6192
6175
6204
6220
6232
6208
6216
6109
6222
6166
6231
6092
6229
6104
6194
6168
6190
6101
6114
6049
6157
6201
6106
6128
6110
6250
6219
6132
6088
6218
6205
6251
6253
6228
6056
6245
6242
6142
6113
6125
6199
6240
6127
6243
6248
6198
6246
6137
6172
6133
6123
6140
6146
6259
6152
6163
6191
6150
6279
6156
6197
6254
6287
6162
6159
6292
6227
6284
6277
6299
6297
6224
6290
6186
6188
6270
6282
6300
6214
6161
6273
6296
6155
6262
6280
6187
6210
6221
6181
6278
6244
6252
6185
6276
6202
6233
6305
6286
6193
6145
6306
6213
6189
6236
6325
6184
6182
6329
6281
6258
6330
6310
6226
6318
6223
6217
6307
6333
6313
6309
6247
6212
6341
6180
6215
6209
6347
6249
6256
6352
6238
6257
6344
6311
6225
6322
6327
6351
6272
6348
6356
6266
6336
6358
6343
6363
6237
6176
6293
6291
6377
6265
6374
6326
6369
6274
6340
6275
6373
6331
6269
6260
6271
6264
6288
6370
6383
6338
6364
6390
6304
6316
6315
6303
6302
6396
6261
6268
6388
6401
6362
6334
6391
6393
6320
6196
6301
6386
6321
6392
6337
6419
6298
6394
6427
6324
6328
6381
6406
6345
6346
6312
6428
6349
6418
6426
6314
6308
6413
6361
6368
6203
6435
6355
6417
6335
6444
6443
6255
6380
6339
6289
6239
6357
6424
6283
6430
6454
6285
6436
6450
6379
6432
6234
6359
6294
6263
6400
6295
6382
6230
6429
6457
6323
6402
6319
6389
6241
6372
6367
6376
6439
6353
6267
6342
6384
6441
6481
6421
6455
6385
6480
6371
6395
6366
6378
6332
6409
6403
6459
6387
6410
6476
6399
6405
6473
6408
6458
6415
6495
6500
6398
6317
6492
6375
6460
6354
6462
6486
6504
6442
6360
6503
6498
6414
6508
6479
6451
6523
6488
6509
6511
6448
6494
6449
6350
6469
6484
6530
6425
6447
6525
6434
6438
6522
6532
6510
6535
6412
6456
6397
6446
6520
6416
6518
6411
6534
6464
6365
6404
6536
6440
6466
6407
6537
6437
6539
6516
6538
6489
6551
6433
6545
6467
6560
6506
6422
6562
6563
6420
6519
6552
6461
6572
6526
6548
6517
6452
6470
6577
6529
6531
6490
6566
6564
6571
6565
6570
6544
6573
6561
6463
6501
6567
6502
6589
6507
6575
6556
6423
6592
6558
6574
6586
6603
6595
6445
6580
6475
6478
6568
6600
6578
6471
6590
6527
6431
6616
6554
6485
6493
6491
6559
6614
6472
6601
6602
6497
6582
6629
6628
6611
6453
6607
6620
6468
6596
6624
6619
6477
6598
6635
6483
6533
6610
6553
6604
6646
6487
6654
6521
6630
6656
6638
6615
6513
6657
6499
6474
6634
6496
6655
6547
6541
6505
6482
6667
6569
6664
6543
6641
6660
6540
6671
6550
6528
6512
6670
6677
6673
6524
6645
6679
6515
6622
6549
6650
6687
6681
6683
6678
6514
6557
6637
6587
6682
6555
6633
6688
6636
6608
6581
6579
6542
6591
6617
6695
6676
6706
6707
6609
6597
6691
6720
6584
6632
6701
6700
6724
6644
6612
6625
6606
6626
6594
6583
6618
6698
6613
6588
6731
6712
6662
6733
6623
6649
6593
6723
6576
6699
6717
6652
6702
6621
6721
6738
6729
6719
6752
6744
6643
6585
6732
6751
6737
6546
6736
6680
6740
6757
6753
6647
6762
6690
6627
6758
6653
6651
6772
6672
6668
6684
6675
6669
6663
6722
6768
6658
6693
6705
6782
6639
6775
6631
6785
6599
6756
6759
6795
6793
6659
6774
6692
6779
6790
6789
6798
6694
6648
6665
6734
6605
6666
6792
6709
6685
6730
6674
6788
6745
6783
6806
6725
6718
6686
6797
6794
6805
6640
6713
6642
6708
6819
6661
6824
6816
6800
6755
6750
6765
6799
6704
6814
6837
6747
6815
6822
6821
6711
6780
6697
6820
6840
6823
6716
6749
6831
6832
6834
6689
6841
6857
6838
6836
6842
6727
6743
6696
6853
6710
6851
6714
6741
6866
6856
6770
6742
6754
6867
6769
6813
6833
6863
6761
6778
6773
6870
6880
6739
6804
6767
6879
6760
6883
6784
6728
6862
6715
6735
6865
6703
6872
6748
6886
6801
6861
6874
6766
6826
6871
6904
6818
6905
6808
6771
6849
6746
6902
6763
6802
6893
6829
6907
6877
6913
6803
6764
6787
6899
6791
6781
6777
6812
6897
6914
6906
6922
6726
6776
6786
6811
6909
6932
6830
6796
6929
6817
6925
6810
6935
6939
6846
6852
6928
6947
6854
6828
6953
6839
6882
6944
6938
6937
6858
6825
6926
6809
6942
6876
6940
6827
6945
6881
6963
6896
6969
6959
6843
6888
6967
6850
6977
6972
6855
6970
6847
6835
6980
6964
6890
6807
6973
6844
6873
6875
6960
6878
6988
6864
6892
6859
6916
6908
6918
6920
6987
6910
6848
6936
6982
7008
6968
6984
7002
6996
6981
6983
7004
6986
6903
6884
7020
6885
6951
6898
7003
6915
6950
6941
6994
6868
7009
6919
6955
6954
7010
6911
7006
7016
6998
6933
7026
6912
7012
6930
6921
6931
6891
6961
6845
6917
7022
7032
6974
7013
7029
7014
7035
7044
7036
6894
6869
6934
6927
6995
7033
7052
6952
7053
6889
6958
7024
6949
6923
7034
6900
6924
7060
7017
6946
6956
7057
6985
7011
6976
7061
6979
7042
7079
7069
7075
6971
6943
7072
6966
6997
7070
7059
7076
6991
4363
7007
6957
7089
7015
7082
7086
7105
7078
7093
7087
7092
7073
7028
7095
6895
7000
7099
7103
7100
7083
6962
7109
6948
7067
6965
7001
7107
7091
7115
7114
7097
6860
6887
7085
7112
7108
6999
7027
7137
7096
7113
7117
6989
7124
7129
7119
7127
7116
7135
7121
7139
7125
7023
7110
7040
7037
7068
7136
7131
7144
7149
7045
7056
7066
7039
7041
6975
7064
7160
7154
7043
7063
7054
6992
7142
7062
7051
7047
7021
7058
7050
7030
7158
7168
7080
7170
7071
7025
7178
7169
7153
7147
7140
7143
7174
7018
7046
7157
7177
7104
7151
7167
7163
7173
7005
7187
7065
7084
7038
7019
7055
7190
7049
7081
7048
7162
6990
7164
7192
7171
6993
7148
7172
7031
7074
7204
7101
7179
7186
7196
7088
7165
7176
7213
7216
7212
7183
7219
7090
7224
7098
7215
7175
7201
7230
7208
7102
7132
7202
7241
7195
7254
7249
7226
7111
7118
7094
7255
7220
7256
7238
7156
7138
7223
7077
7260
7242
7210
7258
7262
7181
7166
7247
7232
7205
7106
7263
7259
7155
7130
7275
7237
7274
7245
7288
7246
7209
7264
7273
7271
7280
7217
7297
7126
7122
7276
7184
7152
7292
7123
7293
7189
7222
7134
7146
7133
7161
7278
7141
7286
7145
7211
7199
7159
7214
7285
7294
7277
7303
7300
7120
7298
7198
7301
7320
7197
7191
7229
7193
7328
7236
7221
7309
7284
7240
7308
7252
7248
7231
7269
7304
7206
7322
7180
7318
7272
7337
7228
7344
7253
7287
7315
7233
7185
7270
7326
7347
7243
7299
7331
7307
7239
7333
7251
7355
7348
7267
7234
7364
7338
7351
7332
7182
7250
7261
7235
7371
7372
7188
7376
7279
7200
7365
7381
7227
7268
7225
7378
7295
7266
7305
7353
7257
7314
7194
7290
7385
7327
7359
7362
7218
7396
7391
7403
7317
7150
7379
7289
7380
7405
7384
7407
7383
7311
7369
7316
7310
7323
7321
7367
7410
7282
7386
7313
7413
7345
7400
7325
7335
7412
7302
7306
7281
7283
7296
7244
7324
7343
7349
7350
7329
7432
7392
7366
7203
7421
7423
7352
7363
7420
7339
7357
7373
7207
7416
7439
7448
7356
7436
7370
7342
7346
7424
7415
7406
7291
7452
7450
7368
7449
7440
7341
7330
7319
7312
7445
7394
7374
7460
7443
7463
7340
7334
7451
7422
7482
7465
7397
7358
7361
7428
7474
7377
7399
7390
7382
7446
7487
7354
7477
7435
7404
7437
7360
7430
7434
7490
7472
7457
7461
7388
7488
7425
7501
7500
7486
7395
7426
7483
7499
7494
7489
7409
7408
7493
7498
7427
7508
7505
7265
7503
7481
7513
7484
7524
7393
7491
7528
7521
7504
7387
7402
7438
7506
7526
7532
7539
7520
7515
7522
7444
7442
7441
7512
7554
7534
7516
7538
7469
7459
7531
7453
7553
7552
7568
6020
7467
7414
7455
7530
7546
7336
7562
7570
7561
7555
7375
7468
7563
7551
7389
7433
7411
7544
7559
7533
7466
7398
7418
7429
7510
7576
7585
7462
7502
7458
7577
7496
7470
7573
7571
7590
7417
7447
7479
7596
7492
7497
7454
7495
7597
7599
7592
7567
7578
7595
7475
7476
7419
7606
7613
7594
7602
7518
7603
7485
7604
7543
7598
7464
7401
7600
7589
7509
7625
7480
7607
7619
7473
7622
7608
7519
7514
7547
7507
7478
7545
7626
7616
7537
7644
7540
7601
7511
7649
7642
7536
7645
7471
7517
7634
7651
7632
7572
7535
7643
7569
7655
7527
7652
7658
7662
7525
7456
7574
7646
7663
7628
7584
7664
7659
7667
7529
7654
7541
7668
7550
7549
7678
7630
7673
7523
7564
7557
7542
7575
7624
7681
7586
7692
7614
7694
7674
7623
7683
7591
7565
7686
7587
7697
7621
7698
7677
7582
7611
7684
7580
7696
7583
7666
7631
7617
7670
7701
7685
7566
7556
7558
7560
7640
7725
7713
7612
7679
7707
7699
7635
7702
7721
7581
7715
7714
7593
7739
7712
7605
7609
7711
7548
7620
7638
7720
7740
7744
7742
7734
7729
7637
7731
7741
7737
7672
7726
7671
7723
7736
7747
7615
7754
7746
7687
7765
7648
7660
7760
7639
7749
7665
7688
7669
7777
7751
7764
7647
7779
7636
7768
7588
7770
7676
7680
7690
7618
7629
7689
7641
7756
7757
7579
7653
7693
7775
7752
7675
7706
7682
7780
7710
7782
7790
7769
7627
7633
7745
7778
7786
7795
7788
7793
7803
7650
7814
7784
7810
7735
7799
7709
7610
7808
7730
7807
7816
7789
7820
7695
7792
7797
7809
7812
7717
7819
7826
7817
7798
7828
7743
7831
7813
7806
7719
7704
7724
7835
7656
7822
7700
7830
7851
7833
7722
7762
7829
7708
7772
7661
7733
7657
7863
7718
7852
7857
7834
7705
7846
7759
7850
7727
7753
7774
7865
7871
7855
7864
7872
7732
7878
7873
7847
7859
7853
7885
7879
7794
7785
7716
7887
7691
7773
7776
7758
7703
7750
7893
7748
7902
7738
7763
7804
7766
7824
7728
7781
7907
7869
7896
7912
7901
7884
7905
7906
7811
7818
7791
7771
7886
7761
7917
7840
7926
7823
7927
7837
7914
7920
7916
7838
7915
7870
7844
7908
7932
7783
7802
7821
7815
7827
7868
7858
7787
7937
7796
7930
7842
7801
7800
7805
7938
7755
7942
7854
7880
7841
7825
7860
7849
7832
7943
7949
7839
7848
7843
7951
7909
7861
7862
7953
7898
7903
7957
7974
7933
7961
7867
7900
7964
7866
7882
7845
7890
7888
7965
7967
7897
7977
7971
7892
7968
7889
7883
7928
7876
7874
7910
7856
7875
7999
8004
7877
7881
7929
7997
8005
7924
7991
7891
8003
7921
7899
7923
8000
7956
7904
7955
7894
7913
7911
7945
8002
8014
7931
8001
8017
7946
8007
7922
7989
7934
8010
7940
7895
7936
8036
8018
8008
7987
7941
7969
8023
7958
8045
7947
7954
7995
8013
8034
8028
7962
8021
8040
8046
7960
8052
7952
7981
7919
7963
7944
8015
7925
7959
7979
7950
7918
8055
8072
7982
7988
8057
7970
7993
8024
8074
7976
8016
7966
7972
7994
7948
7939
7985
8026
8011
8081
8035
8056
8079
8080
8022
7836
7973
8092
7996
8076
7980
7975
8058
8019
8073
7978
8102
8050
8111
8096
8109
8105
8025
8104
8006
8009
7984
8038
7983
8128
8033
8068
8029
8093
8094
8082
8043
8113
8041
8110
8061
8125
8044
8051
7992
8090
8053
8037
8132
8048
8075
8140
8067
8042
8123
7986
8130
8089
8039
8047
8027
8020
8066
8108
8144
8032
8030
8116
8097
7998
8136
8031
8012
7990
8087
8156
8124
8054
8071
8077
8161
8118
8107
8158
8141
8171
8169
8145
8127
8088
8065
8078
8159
8106
8131
8098
8063
8174
8184
8069
8190
8114
8101
8185
8126
8049
8099
8150
8085
8095
8059
8199
8211
8157
8147
8151
8100
8086
8084
8154
8194
8209
8148
8060
8064
8091
8115
8170
8208
8186
8227
8179
8070
8083
8229
8232
8112
8122
8120
8117
8187
8197
8226
8133
8142
8230
8225
8198
8213
8162
8176
8149
8119
8183
8121
8237
8223
8204
8236
8135
8189
8129
8192
8146
8241
8168
8164
8222
8134
8180
8200
8139
8138
8062
8143
8165
8155
8177
8262
8201
8188
8238
8263
8210
8178
8137
8163
8261
8196
8259
8260
8167
8172
8212
8160
8173
8276
8269
8152
8282
8283
8224
8295
8256
8191
8202
8205
8289
8280
8216
8249
8153
8294
8175
8290
8193
8195
8293
8265
8298
8308
8221
8278
8245
8233
8220
8247
8166
8242
8203
8313
8215
8219
8255
8217
8239
8264
8296
8325
8206
8291
8286
8322
8257
8336
8218
8275
8182
8181
8299
8214
8240
8334
8331
8228
8243
8342
8333
8246
8273
8271
8258
8279
8274
8337
8254
8351
8268
8297
8302
8318
8344
8266
8361
8284
8309
8346
8357
8248
8360
8287
8338
8358
8373
8367
8207
8355
8366
8244
8253
8371
8382
8235
8272
8375
8335
8292
8323
8377
8332
8300
8365
8319
8345
8376
8301
8327
8231
8270
8347
8250
8103
8349
8386
8310
8390
8314
8340
8348
8402
8343
8397
8395
8401
8389
8251
8252
8391
8368
8372
8277
8413
8307
8305
8317
8306
8426
8281
8326
8420
8303
8315
8393
8341
8320
8381
8330
8312
8339
8267
8374
8288
8369
8350
8436
8285
8392
8329
8412
8311
8304
8406
8416
8352
8362
8353
8385
8378
8417
8438
8403
8328
8363
8425
8388
8445
8400
8464
8421
8404
8354
8364
8356
8407
8430
8379
8415
8359
8370
8432
8324
8384
8437
8449
8387
8439
8463
8316
8419
8396
8431
8491
8457
8394
8398
8486
8492
8448
8460
8490
8498
8411
8503
8444
8446
8480
7935
8504
8496
8510
8433
8469
8383
8493
8475
8441
8517
8405
8495
8494
8516
8447
8511
8418
8414
8410
8452
8473
8489
8435
8520
8450
8456
8442
8508
8461
8451
8514
8380
8443
8530
8422
8453
8538
8471
8502
8472
8462
8470
8506
8408
8483
8458
8454
8559
8474
8424
8551
8558
8548
8513
8562
8529
8466
8488
8515
8423
8427
8440
8455
8524
8555
8477
8532
8512
8543
8533
8434
8519
8409
8485
8565
8518
8428
8476
8459
8545
8429
8505
8465
8484
8479
8482
8507
8581
8468
8481
8478
8487
8571
8536
8586
8549
8547
8578
8509
8569
8501
8537
8497
8499
8612
8593
8588
8542
8525
8607
8522
8527
8523
8528
8561
8467
8616
8583
8606
8598
8544
8500
8604
8624
8575
8613
8614
8539
8596
8531
8563
8584
8535
8556
8597
8608
8601
8642
8557
8603
8609
8541
8573
8644
8534
8521
8652
8654
8567
8590
8657
8611
8663
8577
8585
8560
8591
8660
8643
8589
8650
8610
8526
8540
8595
8587
8605
8564
8566
8641
8572
8579
8576
8653
8639
8634
8648
8600
8553
8665
8617
8570
8680
8685
8630
8622
8552
8580
8646
8594
8625
8662
8666
8681
8656
8619
8582
8615
8574
8690
8687
8635
8554
8664
8658
8618
8568
8592
8661
8638
8629
8710
8709
8632
8628
8712
8669
8599
8670
8546
8623
8672
8627
8636
8602
8640
8677
8647
8671
8633
8728
8688
8726
8645
8675
8720
8683
8674
8735
8659
8676
8637
8689
8733
8667
8655
8713
8620
8700
8626
8716
8621
8695
8738
8727
8707
8721
8749
8699
8761
8668
8753
8743
8745
8762
8631
8765
8719
8651
8756
8706
8729
8781
8691
8711
8758
8678
8769
8673
8702
8786
8740
8790
8739
8697
8649
8679
8778
8742
8750
8785
8760
8755
8783
8704
8684
8782
8775
8686
8692
8682
8804
8794
8791
8796
8748
8803
8741
8770
8696
8797
8715
8759
8764
8694
8732
8771
8774
8818
8805
8714
8819
8705
8717
8724
8723
8830
8815
8811
8832
8800
8747
8817
8751
8806
8725
8812
8708
8807
8829
8833
8787
8798
8763
8766
8855
8838
8744
8858
8718
8827
8836
8780
8831
8813
8853
8848
8823
8822
8862
8854
8754
8842
8757
8737
8850
8869
8857
8734
8736
8879
8795
8881
8856
8864
8849
8772
8860
8866
8876
8784
8722
8788
8746
8767
8698
8887
8752
8889
8867
8779
8693
8877
8731
8844
8810
8776
8701
8878
8801
8894
8802
8768
8793
8789
8773
8868
8863
8843
8808
8847
8730
8816
8834
8820
8908
8703
8814
8809
8825
8840
8913
8914
8777
8924
8852
8821
8930
8792
8824
8839
8826
8936
8937
8799
8923
8932
8918
8902
8911
8920
8931
8916
8928
8948
8917
8919
8944
8947
8921
8906
8851
8886
8941
8874
8880
8963
8943
8903
8956
8960
8897
8901
8965
8933
8969
8957
8952
8967
8968
8966
8975
8971
8846
8983
8872
8979
8915
8865
8973
8841
8935
8859
8837
8828
8893
8875
8922
8882
8993
8978
8925
8835
8926
8910
8898
8959
8871
8900
8909
8884
8905
8888
8873
8998
8896
8990
8883
8974
8999
9000
9002
9008
8891
8885
8997
9004
9010
9001
9020
9021
8895
9007
9027
9003
9029
8953
8981
8939
9011
9033
8945
9024
8890
8870
9032
8845
8861
8942
8986
9015
9047
8977
8927
8949
9043
8904
9046
9054
9036
8938
8961
8964
8950
9042
9056
9028
9048
8929
9050
9061
9058
9067
9059
9051
8972
8987
8955
9018
8958
8985
9066
9057
8995
8976
8954
8962
8970
9074
8994
9077
9069
9019
9085
9081
9076
9079
9013
8980
8996
9017
8984
9089
8988
9093
9094
9101
9092
8946
9098
9091
9073
9096
8982
8989
8992
9040
9016
9100
9012
9090
9035
9110
9106
9103
8899
9113
9052
8934
9123
9121
9097
9116
8907
9072
9006
8892
8912
9009
9053
9135
9102
9044
9126
9128
9045
9115
8951
9138
9125
8940
9041
9030
9131
9141
9132
9119
9065
9142
9133
9149
9055
9070
9147
9060
9071
9109
9162
9157
9063
9168
9026
9165
9064
9152
9140
9086
9171
9159
9139
9177
9039
9148
9175
9153
9155
9078
9068
9166
9160
9167
9108
9062
9176
9170
9022
9049
9014
9129
9183
9037
9186
9182
9025
9184
8991
9095
9181
9187
9117
9201
9179
9005
9083
9143
9195
9205
9199
9208
9202
9088
9211
9207
9084
9203
9082
9144
9189
9210
9099
9130
9080
9118
9209
9218
9221
9031
9087
9120
9136
9227
9206
9215
9223
9232
9228
9214
9151
9107
9217
9134
9127
9230
9145
9225
9233
9104
9220
9234
9229
9226
7431
9172
9038
9169
9250
9154
9237
9246
9034
9239
9146
9238
9257
9212
9244
9180
9273
9259
9185
9075
9105
9023
9137
9261
9255
9243
9122
9267
9270
9266
9114
9262
9272
9164
9191
9198
9264
9289
9173
9290
9286
9285
9163
9263
9279
9247
9277
9150
9296
9161
9236
9219
9204
9231
9251
9124
9294
9306
9304
9216
9295
9111
9112
9299
9305
9158
9309
9276
9156
9196
9302
9316
9311
9317
9310
9319
9284
9197
9241
9315
9283
9324
9327
9288
9318
9190
9174
9192
9213
9340
9322
9341
9338
9252
9333
9337
9347
9224
9254
9328
9200
9188
9331
9335
9275
9242
9248
9314
9307
9348
9355
9287
9342
9235
9369
9363
9292
9367
9268
9358
9357
9365
9360
9350
9249
9359
9384
9293
9253
9366
9382
9258
9271
9240
9260
9372
9381
9378
9194
9245
9193
9388
9394
9280
9265
9374
9404
9398
9406
9387
9397
9291
9297
9301
9222
9282
9410
9321
9339
9323
9303
9386
9313
9405
9407
9346
9396
9274
9349
9380
9419
9332
9368
9345
9413
9399
9423
9389
9312
9361
9298
9269
9343
9308
9414
9320
9281
9278
9426
9417
9364
9352
9353
9256
9437
9325
9435
9329
9430
9300
9356
9334
9326
9400
9354
9418
9460
9336
9427
9351
9476
9434
9473
9467
9412
9402
9375
9479
9436
9451
9449
9484
9482
9330
9421
9362
9344
9385
9474
9425
9392
9395
9472
9453
9471
9415
9461
9490
9458
9371
9377
9487
9401
6978
9445
9376
9508
9477
9462
9493
9391
9489
9469
9393
9497
9475
9498
9370
9523
9499
9511
9500
9491
9522
9408
9373
9485
9432
9450
9441
9439
9379
9416
9403
9420
9411
9433
9457
9448
9531
9538
9464
9519
9443
9533
9447
9507
9540
9545
9543
9422
9555
9521
9478
9524
9502
9544
9547
9529
9438
9409
9463
9468
9505
9480
9483
9559
8321
9537
9496
9444
9459
9424
9456
9549
9561
9535
9534
9503
9383
9442
9481
9486
9488
9465
9470
9440
9526
9541
9569
9590
9454
9594
9589
9565
9501
9536
9553
9466
9550
9494
9567
9560
9429
9600
9431
9574
9568
9452
9587
9509
9390
9603
9584
9455
9608
9580
9564
9504
9548
9601
9606
9581
9546
9527
9446
9577
9520
9624
9579
9633
9506
9518
9525
9517
9616
9554
9542
9516
9578
9563
9510
9605
9610
9513
9630
9495
9622
9614
9512
9532
9528
9629
9611
9514
9576
9626
9655
9637
9638
9556
9656
9632
9645
9619
9665
9651
9570
9642
9653
9663
9649
9557
9551
9552
9573
9654
9575
9562
9631
9566
9657
9583
9673
9664
9428
9539
9591
9677
9595
9582
9572
9571
9599
9515
9604
9586
9597
9609
9693
9668
9660
9678
9691
9670
9598
9618
9681
9592
9530
9687
9558
9705
9688
9621
9696
9694
9690
9708
9672
9492
9596
9635
9719
9602
9612
9711
9715
9692
9659
9728
9661
9695
9726
9706
9636
9701
9718
9628
9740
9714
9724
9639
9716
9634
9717
9585
9641
9588
9627
9720
9617
9741
9640
9652
9613
9737
9620
9730
9710
9736
9593
9744
9753
9721
9745
9669
9739
9764
9748
9763
9646
9761
9758
9749
9769
9771
9623
9770
9698
9782
9768
9774
9757
9747
9625
9773
9755
9780
9615
9703
9676
9650
9788
9671
9793
9800
9683
9684
9731
9797
9647
9704
9725
9765
9685
9666
9648
9680
9767
9723
9679
9712
9682
9752
9795
9727
9810
9785
9658
9674
9675
9689
9809
9697
9667
9776
9811
9700
9707
9743
9607
9812
9820
9699
9709
9819
9829
9750
9826
9839
9823
9814
9830
9808
9821
9643
9850
9702
9662
9845
9844
9713
9738
9834
9733
9838
9849
9762
9854
9853
9722
9855
9787
9836
9772
9783
9779
9870
9756
9866
9644
9735
9732
9863
9796
9802
9742
9872
9790
9729
9864
9867
9803
9868
9799
9801
9861
9877
9686
9879
9786
9766
9759
9777
9876
9778
9878
9760
9751
9880
9784
9792
9754
9789
9804
9885
9884
9824
9894
9904
9817
9775
9841
9827
9893
9828
9816
9874
9892
9916
9919
9798
9832
9918
9818
9825
9914
9846
9920
9925
9909
9781
9813
9907
9895
9807
9806
9942
9858
9791
9929
9822
9794
9865
9734
9906
9947
9936
9833
9856
9831
9922
9746
9840
9951
9931
9848
9835
9805
9957
9837
9842
9939
9852
9944
9917
9847
9954
9963
9960
9946
9887
9941
9965
9888
9843
9862
9871
9815
9975
9851
9882
9857
9859
9948
9983
9979
9984
9881
9973
9961
9900
10001
9990
9985
9860
9890
9883
9982
9915
9974
9995
9889
9971
9997
9933
9981
9928
9940
9903
9994
9988
9901
9899
9927
9891
9912
9989
9987
10007
9966
10013
9993
9950
10005
9992
10014
10015
9910
10006
9908
10028
10003
10026
10009
9935
9913
10008
10029
10031
9896
10030
10032
9875
9921
10033
10035
10024
9873
10055
9968
9898
9938
9886
9926
10037
9905
9949
10052
9986
9972
8234
10034
9897
10036
9943
10044
9953
9977
10056
9869
10012
9902
10040
9955
9967
10075
10066
10046
10047
10062
9934
10064
10054
9937
10077
9978
9970
9930
9911
9959
10071
10060
10041
9991
9932
10067
10078
10059
10084
9945
10079
10069
10042
9923
10097
10093
9924
10010
1866
10083
10110
10086
10106
9952
10099
9996
10107
10004
10095
10113
10016
9999
9980
10115
10103
10098
10082
10122
10116
10108
9956
10127
10102
10101
10114
10120
10000
10117
10011
9958
10128
10023
10048
10081
10130
10121
10139
10017
9998
10057
10146
10155
10153
10132
10159
10068
10027
10157
10135
9964
9976
10058
10143
10134
10051
10065
10018
10080
10133
10087
10085
10043
10021
10092
10145
10160
10061
10045
9969
10022
10168
10167
10094
10180
10176
10171
10072
10002
10020
10190
10170
10073
10019
10188
10189
10039
10195
10025
10070
10187
10119
10050
10136
10063
10118
10112
10124
10165
10123
10166
10100
10178
10163
10096
10109
10126
10105
10209
10204
10149
10049
10225
10089
10053
10038
10192
10164
10074
10142
10090
10193
10203
10208
10156
10125
10088
10212
10211
10235
10104
10213
10150
10148
10228
10216
10111
10154
10129
10232
10221
10223
10244
10144
10210
10138
10247
10234
10152
10224
10237
10200
10231
10141
10253
10236
10137
10191
10194
10229
10207
10197
10242
10162
10215
10179
10264
10267
10147
10273
10249
10238
10233
10182
10091
10151
10289
10185
10131
10287
10246
10076
10173
10226
10181
10274
10198
10174
10262
10184
10292
10172
10290
10283
10239
10296
10302
10183
10196
10285
10270
10266
10218
10286
10281
10278
10206
10245
10217
10275
10300
10294
10269
10161
10205
10272
10307
10322
10250
10175
10199
10298
10177
10282
10219
10309
10214
10303
10243
10315
10280
10240
10306
10268
10261
10169
10271
10252
10259
10333
10308
10328
10257
10341
10222
10323
10248
10277
10320
10334
10299
10343
10346
10349
10348
10338
10370
10297
10318
10202
10265
10371
10241
10186
10337
10230
10260
10227
10361
10291
10366
10254
10251
10295
10258
10279
10381
10387
10355
10384
10220
10255
10201
10358
10304
10256
10373
10362
10383
10394
10324
10396
10326
10356
10301
10293
10395
10351
10331
10411
10276
10392
10336
10369
10390
10312
10380
10284
10316
10344
10305
10347
10321
10359
10412
10386
10335
10332
10350
10357
10263
10365
10374
10364
10416
10363
10354
10317
10311
10327
10417
10368
10340
10414
10413
10342
10401
10393
10426
10339
10325
10410
10319
10389
10288
10314
10377
10360
10429
10391
10431
10329
10436
10403
10451
10435
10382
10445
10313
10352
10441
10375
10400
10367
10345
10397
10385
10453
10388
10310
10353
10462
10330
10449
10456
10447
10440
10407
10372
10454
10399
10464
10439
10468
10398
10428
10477
10420
10402
10405
10472
10459
10406
10486
10427
10430
10422
10478
10378
10376
10438
10409
10437
10482
10423
10492
10484
10491
10379
10489
10473
10424
10444
10485
10455
10457
10490
10510
10461
10418
10458
10494
10475
10408
10419
10442
10506
10446
10495
10460
10527
10523
10517
10404
10425
10467
10474
10470
10529
10432
10533
10530
10450
10516
10536
10528
10452
10513
10520
10415
10479
10443
10519
10488
10531
10434
10469
10493
10544
10541
10448
10551
10433
10496
10550
10554
10538
10552
10498
10501
10556
10502
10558
10561
10505
10421
10471
10570
10532
10563
10508
10504
10463
10497
10568
10507
10567
10500
10539
10553
10481
10577
10574
10578
10466
10555
10571
10511
10515
10483
10476
10509
10580
10569
10512
10575
10522
10589
10596
10591
10573
10480
10584
10581
10595
10582
10603
10601
10465
10487
10521
10549
10503
10499
10611
10602
10600
10597
10586
10624
10546
10607
10540
10606
10609
10619
10621
10625
10524
10618
10620
10526
10617
10615
10616
10632
10566
10635
10645
10636
10642
10644
10514
10562
10637
10579
10652
10542
10646
10599
10659
10548
10543
10639
10576
10653
10656
10598
10650
10660
10651
10638
10535
10587
10654
10525
10604
10608
10658
10664
10565
10593
10661
10534
10666
10588
10560
10537
10547
10585
10674
10605
10583
10675
10564
10673
10518
10631
10559
10590
10614
10688
10545
10679
10690
10629
10684
10682
10680
10628
10557
10672
10693
10610
10572
10634
10692
10626
10623
10612
10613
10697
10698
10633
10662
10592
10699
10627
10594
10700
10696
10671
10648
10640
10649
10707
10705
10713
10718
10719
10630
10717
10665
10702
10720
10723
10622
10681
10727
10647
10678
10643
10734
10726
10657
10655
10670
10722
10740
10668
10733
10641
10676
10689
10687
10737
10708
10742
10669
10741
10748
10730
10749
10694
10706
10750
10731
10677
10755
10663
10686
10753
10701
10683
10758
10667
10685
10732
10756
10695
10765
10764
10691
10763
10712
10768
10714
10710
10715
10771
10775
10721
10779
10789
10770
10716
10704
10711
10729
10703
10790
10782
10793
10751
10788
10769
10739
10783
10792
10728
10724
10805
10801
10725
10746
10747
10806
10809
10743
10798
10760
10735
10794
10767
10815
10766
10811
10709
10738
10754
10745
10776
10823
10831
10797
10777
10761
10784
10785
10830
10838
10826
10841
10752
10810
10821
10791
10774
10835
10736
10839
10744
10781
10834
10843
10759
10780
10852
10825
10757
10795
10850
10842
10772
10858
10840
10851
10778
10812
10819
10804
10800
10803
10862
10867
10773
10786
10874
10853
10817
10828
10864
10844
10871
10879
10868
10878
10861
10802
10880
10881
10866
10818
10876
10814
10799
10860
10887
10796
10822
10877
10824
10869
10886
10820
10883
10885
10890
10829
10816
10895
10846
10897
10904
10896
10913
10807
10898
10836
10916
10899
10900
10808
10827
10832
10903
10889
10847
10848
10854
10833
10859
10873
10849
10923
10912
10927
10857
10863
10929
10813
10925
10870
10934
10939
10884
10845
10919
10875
10930
10901
10888
10940
10952
10942
10902
10937
10872
10948
10893
10920
10837
10953
10915
10950
10908
10882
10911
10907
10856
10917
10892
10865
10964
10960
10970
10932
10921
10961
10894
10957
10958
10891
10962
10968
10855
10787
10928
10974
10971
10977
10946
10931
10973
10905
10989
10984
10935
10986
10918
10906
10983
10985
10941
10979
10910
10980
10965
10995
10914
10996
10990
10955
11000
11003
10998
10943
11007
11005
11006
10762
10938
10969
10909
10944
11002
10988
10975
10926
10976
11016
10978
10981
11023
10963
11024
11017
11015
10959
11019
11027
11013
11026
11029
11032
11030
10994
10993
11037
10922
10949
11001
10999
10966
10956
11036
10924
11043
10933
11045
10997
11010
11014
11047
11048
11033
10987
11009
11054
11069
11068
11073
11061
11028
11062
11077
11018
11079
11076
11067
11012
11081
11004
11075
11025
11072
11011
11034
11042
11020
11021
10947
10936
8399
11092
11078
11035
11086
11093
11064
11090
10954
10967
10945
10991
11105
11022
11058
11102
11055
10982
10972
10951
11074
11052
11031
10992
11051
11104
11041
11108
11066
11049
11060
11097
11038
11117
11057
11059
11121
11113
11114
11119
11050
11124
11116
11056
11040
11039
11112
11008
11125
11129
11137
11084
11044
11143
11053
11063
11133
11126
11144
11127
11046
11149
11085
11065
11123
11070
11089
11088
11138
11115
11110
11083
11080
11095
11139
11098
11087
11140
11154
11106
11082
11147
11096
11107
11109
11101
11099
11128
11157
11091
11162
11118
11122
11173
11176
11155
11094
11168
11169
11130
11172
11120
11174
11171
11161
11071
11165
11188
11100
11131
11134
11195
11111
11166
11185
11178
11183
11194
11136
11103
11141
11199
11148
11203
11208
11206
11151
11210
11132
11181
11196
11142
11156
11146
11135
11164
11150
11145
11214
11153
11163
11218
11219
11212
11224
11213
11216
11222
11177
11152
11226
11236
11225
11167
11230
11205
11170
11227
11191
11192
11239
11243
11200
11186
11242
11182
11187
11254
11189
11250
11248
11261
11160
11259
11256
11202
11255
11263
11175
11201
11265
11264
11190
11266
11193
11159
11217
11198
11240
11273
11268
11241
11272
11270
11204
11197
11274
11207
11223
11275
11184
11158
11234
11179
11279
11285
11284
11215
11231
11290
11289
11292
11299
11298
11278
10140
11301
11302
11221
11307
11260
11209
11232
11247
11310
11305
11300
11311
11304
11253
11220
11276
11318
11237
11286
11180
11262
11251
11317
11271
11323
11325
11233
11327
11288
11336
11267
11322
11229
11244
11211
11228
11329
11331
11339
11257
11345
11337
11348
11343
11287
11281
11346
11235
11280
11277
11246
11303
11269
11354
11258
11360
11249
11355
11314
11357
11350
11293
11344
11315
11359
11252
11364
11306
11335
11294
11238
11291
11369
11374
11367
11245
11385
11328
11321
11380
11334
11338
11366
11309
11330
11333
11308
11320
11387
11391
11375
11312
11382
11373
11313
11390
11297
11378
11316
11341
11352
11295
11411
11365
11415
11407
11349
11283
11418
11398
11342
11399
11412
11401
11408
11414
11282
11358
11427
11419
11319
11324
11363
11426
11434
11430
11429
11439
11340
11296
11326
11332
11388
11437
11370
11362
11432
11347
11443
11395
11351
11447
11445
8550
11389
11376
11383
11441
11393
11455
11456
11448
11452
11459
11457
11392
11451
11368
11465
11463
11464
11394
11466
11386
11361
11460
11377
11416
11356
11396
11403
11384
11371
11409
11471
11470
11353
11423
11421
11461
11428
11410
11478
11379
11486
11491
11479
11489
11446
11476
11405
11413
11475
11484
11397
11487
11483
11444
11481
11424
11453
11420
11372
11381
11490
11440
11406
11425
11402
11498
11493
11500
11499
11435
11436
11400
11422
11501
11504
11503
11417
11438
11404
11511
11477
11433
11431
11522
11442
11517
11454
11513
11458
11510
11449
11524
11525
11467
11528
11518
11531
11469
11521
11506
11536
11529
11507
11496
11462
11538
11539
11530
11533
11542
11540
11537
11543
11468
11545
11473
11509
11553
11546
11541
11556
11547
11494
11558
11472
11552
11555
11495
11520
11502
11480
11565
11519
11559
11450
11571
11523
11497
11561
11564
11485
11574
11567
11488
11474
11508
11580
11550
11584
11505
11516
11582
11588
11563
11526
11581
11514
11591
11573
11596
11535
11512
11589
11527
11544
11585
11562
11601
11534
11603
11492
11482
11600
11551
11605
11593
11594
11614
11557
11515
11560
11606
11575
11607
11532
11618
11620
11548
11595
11549
11624
11628
11572
11626
11630
11587
11617
11609
11554
11633
11623
11566
11579
11598
11638
11611
11639
11578
11629
11577
11569
11570
11590
11649
11568
11604
11597
11610
11602
11656
11658
11592
11576
11641
11643
11662
11608
11645
11583
11646
11667
11668
11673
11650
11637
11651
11622
11632
11678
11612
11680
11669
11613
11616
11625
11677
11619
11640
11621
11635
11686
11666
11679
11689
11685
11688
11627
11644
11664
11695
11698
11653
11692
11690
11699
11648
11701
11586
11693
11647
11703
11706
11704
11683
11707
11636
11652
11718
11705
11634
11709
11708
11675
11710
11657
11599
11711
11659
11661
11727
11715
11719
11670
11726
11663
11654
11713
11733
11615
11728
11631
11684
11665
11672
11660
11746
11671
11676
11655
11749
11714
11737
11736
11742
11756
11754
11696
11717
11697
11734
11700
11761
11755
11642
11759
11720
11774
11748
11738
11766
11723
11752
11777
11674
11776
11712
11681
11694
11716
11764
11687
11682
11691
11794
11789
11793
11779
11702
11747
11792
11773
11722
11801
11786
11724
11782
11802
11783
11729
11730
11813
11814
11816
11809
11791
11739
11790
11757
11765
11800
11818
11811
11821
11741
11767
11812
11808
11797
11824
11822
11735
11721
11807
11828
11732
11775
11784
11836
11831
11803
11823
11837
11772
11731
11770
11751
11842
11838
11844
11760
11850
11825
11796
11750
11795
11843
11819
11780
11744
11771
11762
11846
11743
11848
11745
11847
11860
11740
11805
11778
11853
11810
11768
11753
11769
11862
11832
11865
11856
11763
11725
11861
11852
11873
11863
11788
11806
11868
11829
11864
11817
11758
11875
11881
11879
11833
11882
11820
11880
11835
11815
11876
11859
11887
11892
11883
11799
11785
11890
11889
11903
11900
11841
11895
11866
11826
11896
11907
11884
11851
11899
11886
11798
11910
11919
11913
11845
11921
11916
11922
11871
11870
11928
11915
11869
11874
11840
11854
11867
11923
11930
11929
11888
11839
11932
11940
11902
11781
11945
11949
11894
11787
11951
11804
11943
11877
11937
11904
11959
11878
11855
11942
11857
11858
11891
11961
11953
11956
11912
11918
11962
11909
11970
11973
11908
11957
11969
11898
11976
11963
11927
11977
11885
11849
11925
11920
11827
11906
11872
11982
11926
11979
11901
11933
11834
11944
11830
11986
11905
11911
11936
11924
11914
11992
11893
11996
11978
11989
11934
11987
11931
12002
11993
11984
11994
11991
11935
11999
12007
11988
12006
11939
11917
11968
11990
12000
12009
12010
12015
12014
11941
11955
11897
11967
11954
12017
12001
12004
12018
12027
11958
11938
12022
11971
11947
12038
12003
12016
12028
12029
11964
11980
12040
12042
11965
12024
11948
11975
11946
11950
11972
12044
11983
11960
11974
12041
12031
11995
11981
12019
11997
12056
12046
12032
11952
12021
12047
12051
12043
11998
12039
12065
11985
11966
12013
12011
12055
12005
12077
12012
12025
12076
12057
12008
12071
12062
12023
12095
12070
12037
12082
12084
12081
12087
12085
12100
12020
12079
12102
12099
12096
12059
12098
12036
12109
12034
12026
12030
12090
12106
12104
12060
12048
12110
12130
12049
12035
12093
12068
12067
12086
12069
12052
12072
12119
12083
12053
12118
12063
12116
12123
12050
12058
12033
12133
12135
12045
12139
12128
12101
12061
12078
12073
12132
12143
12124
12103
12149
12125
12064
12088
12120
12129
12131
12091
12094
12151
12089
12144
12074
12160
12066
12157
12148
12108
12113
12140
12155
12080
12161
12145
12154
12075
12163
12172
12117
12173
12121
12178
12112
12179
12097
12177
12158
12111
12168
12171
12166
12115
12105
12092
12175
12107
12137
12184
12188
12156
12193
12147
12196
12150
12204
12127
12205
12146
12192
12191
12206
12199
12122
12134
12197
12194
12167
12136
12203
12202
12198
12114
12141
12138
12218
12180
12221
12225
12176
12207
12214
12222
12164
12170
12165
12142
12210
12153
12228
12224
12174
12216
12213
12181
12189
12126
12185
12215
12162
12159
12229
12231
12230
12234
12236
12223
12152
12240
12195
12244
12187
12217
12248
12238
12253
12200
12255
12262
12183
12239
12247
12186
12219
12260
12261
12268
12169
12274
12243
12270
12241
12182
12266
12211
12209
12190
12285
12279
12287
12277
12220
12281
12289
12276
12283
12227
12294
12304
12237
12259
12301
12291
12257
12235
12246
12249
12312
12302
12275
12254
12303
12208
12242
12232
12307
12308
12315
12305
12201
12212
12233
12226
12306
12256
12252
12282
12309
12264
12258
12293
12245
12333
12251
12267
12250
12339
12323
12299
12320
12319
12340
12347
12348
12346
12288
12322
12292
12350
12352
12334
12298
12351
12345
12290
12265
12353
12363
12313
12284
12355
12365
12263
12296
12272
12269
12373
12295
12278
12359
12369
12273
12286
12374
12326
12317
12372
12280
12366
12381
12327
12300
12271
12378
12370
12328
12368
12329
12382
12314
12330
12310
12375
12297
12337
12386
12318
12390
12321
12325
12402
12335
12391
12400
12401
12354
12349
12387
12389
12316
12332
12360
12392
12403
12409
12379
12371
12358
12413
12399
12331
12364
12357
12410
12421
12311
12408
12367
12336
12344
12415
12338
12343
12425
12411
12428
12416
12341
12423
12429
12362
12420
12435
12361
12380
12431
12440
12376
12419
12398
12324
12442
12439
12412
12438
12356
12342
12441
12377
12452
12422
12395
12426
12445
12404
12448
12451
12388
12461
12406
12464
12460
12465
12456
12446
12384
12396
12469
12468
12458
12471
12418
12405
12397
12436
12477
12482
12424
12383
12487
12483
12393
12467
12470
12479
12490
12485
12417
12385
12484
12489
12394
12444
12407
12498
12488
12476
12486
12430
12478
12497
12427
12504
12433
12414
12455
12496
12506
12500
12495
12449
12434
12492
12437
12453
12515
12502
12509
12457
12447
12450
12443
12459
12466
12513
12432
12472
12454
12511
12474
12521
12481
12519
12505
12517
12516
12524
12520
12535
12530
12534
12526
12523
12493
12491
12547
12475
12463
12550
12540
12503
12554
12545
12548
12531
12558
12473
12501
12508
12562
12542
12559
12556
12462
12568
12494
12539
12514
12563
12533
12510
12499
12480
12581
12527
12571
12561
12574
12575
12507
12529
12591
12525
12555
12573
12586
12587
12589
12532
12598
12512
12518
12602
12538
12522
12605
12544
12541
12593
12528
12549
12601
12606
12610
12613
12608
12612
12621
12553
12616
12569
12617
12630
12609
12560
12536
12551
12543
12623
12565
12546
12537
12580
12603
12624
12584
12614
12567
12632
12583
12576
12572
12595
12577
12552
12585
12564
12641
12627
12643
12557
12633
12639
12597
12636
12635
12634
12570
12579
12657
12582
12652
12648
12566
12604
12649
12650
12653
12599
12578
12651
12615
12658
12594
12646
12666
12607
12590
12664
12663
12672
12669
12596
12618
12667
12592
12600
12588
12611
12676
12682
12673
12665
12677
12629
12693
12683
12622
12671
12619
12628
12625
12678
12686
12620
12645
12680
12689
12647
12654
12696
12659
12661
12711
12709
12690
12637
12631
12700
12626
12702
12714
12701
12715
12644
12656
12681
12642
12721
12640
12724
12638
12703
12685
12733
12716
12723
12727
12713
12704
12660
12668
12662
12730
12717
12738
12697
12674
12684
12740
12692
12670
12739
12728
12748
12731
12679
12655
12688
12741
12737
12745
12687
12698
12735
12749
12758
12675
12695
12694
12705
12760
12750
12691
12753
12763
12759
12732
12771
12766
12699
12710
12706
12768
12767
12773
12726
12764
12718
12722
12778
12765
12708
12712
12784
12782
12788
12720
12786
12787
12719
12779
12729
12801
12757
12789
12725
12707
12797
12781
12744
12795
12734
12756
12774
12798
6130
12751
12807
12742
12780
12746
12804
12813
12747
12809
12800
12769
12808
12754
12776
12826
12736
12818
12822
12806
12824
12777
12752
12819
12762
12834
12743
12783
12799
12785
12835
12840
12839
12832
12790
12755
12761
12837
12842
12775
12854
12802
12852
12828
12829
12850
12770
12796
12843
12817
12861
12803
12792
12851
12811
12794
12860
12772
12791
12805
12859
12856
12847
12874
12815
12869
12830
12871
12878
12880
12881
12863
12877
12820
12825
12821
10158
12848
12865
12885
12883
12816
12810
12890
12814
12853
12893
12833
12873
12823
12844
12841
12900
12812
12855
12846
12882
12902
12849
12901
12831
12827
12894
12845
12895
12793
12915
12896
12892
12911
12857
12838
12836
12916
12870
12917
12858
12913
12920
12866
12872
12867
12932
12931
12919
12928
12910
12934
12868
12927
12925
12933
12946
12922
12937
12945
12862
12941
12903
12898
12879
12888
12876
12952
12914
12938
12943
12904
12942
12954
12886
12924
12923
12926
12897
12960
12875
12958
12905
12955
12918
12962
12959
12969
12947
12966
12973
12864
12889
12978
12891
12974
12935
12884
12887
12970
12981
12939
12971
12982
12991
12975
12983
12968
12899
12906
12992
12944
12912
12979
12988
12990
12950
12995
12985
12977
12940
12998
12949
12907
13002
12953
12921
13001
12956
13021
12908
12996
13013
13020
13017
12929
13005
13028
12994
13027
13030
13031
12965
13007
13033
12951
12909
13010
13039
13032
12963
12987
12936
12961
13034
12967
13016
13023
12948
12957
12964
13026
13047
13037
13044
12930
13055
13052
12989
12976
13029
13057
12997
12980
13063
13038
13050
12972
13041
13066
13049
13064
13068
13053
12984
13008
13022
13065
13056
13077
13079
13004
13074
13015
12986
13011
13078
13043
13071
13059
12999
13058
13088
13009
13003
13082
13019
13093
13000
13097
13098
13012
13099
13084
13101
13081
13042
13006
12993
13100
13095
13094
13024
13051
13116
13107
13106
13104
13036
13060
13117
13054
13046
13014
13110
13108
13048
13072
13129
13045
13127
13025
13018
13133
13131
13070
13139
13040
13090
13075
13035
13062
13086
13138
13147
13153
13148
13144
13102
13085
13156
13067
13161
13076
13115
13164
13165
13087
13145
13092
13173
13109
13169
13111
13103
13061
13096
13151
13136
13122
13069
13124
13073
13128
13080
13132
13181
13174
13188
13089
13121
13180
13185
13154
13195
13091
13167
13105
13158
13083
13160
13166
13172
13171
13196
13208
13203
13199
13207
13130
13201
13134
13168
13113
13114
13186
13216
13175
13213
13140
13198
13217
13182
13183
13200
13179
13135
13221
13202
13226
13118
13192
13204
13206
13235
13191
13224
13125
13233
13189
13126
13215
13218
13237
13220
13249
13238
13123
13197
13150
13223
13193
13155
13241
13243
13211
13253
13257
13228
13256
13141
13248
13146
13157
13119
13261
13120
13176
13240
13112
13142
13162
13178
13184
13245
13262
13205
13255
13137
13273
13252
12054
13187
13143
13149
13152
13236
13210
13275
13227
13267
13268
13170
13290
13287
13289
13286
13276
13266
13277
13292
13284
13242
13294
13270
13222
13190
13163
13177
13159
13232
13250
13305
13247
13212
13214
13310
13219
13312
13296
13301
13308
13304
13239
13230
13297
13314
13302
13319
13251
13231
13299
13317
13309
13265
13246
13225
13194
13313
13264
13280
13209
13326
13259
13328
13234
13334
13260
13283
13327
13258
13339
13269
13278
13279
13272
13263
13274
13331
13337
13335
13345
13322
13340
13343
13254
13348
13288
13349
13342
13281
13295
13303
13365
13298
13359
13354
13351
13371
13285
13307
13321
13336
13293
13300
13363
13379
13357
13372
13229
13375
13367
13381
13369
13376
13318
13323
13316
13374
13383
13306
13338
13333
13324
13291
13387
13384
13390
13389
13377
13399
13382
13396
13391
13397
13282
13406
13244
13410
13398
13330
13311
13405
13395
13344
13393
13320
13414
13404
13416
13411
13315
13378
5480
13418
13325
5732
13361
13271
13370
13358
13341
13421
13350
13431
13360
13373
13394
13430
13428
13352
13356
13441
13438
13392
13443
13329
13429
13435
13366
13355
13332
13439
13437
13426
13364
13448
13347
13408
13447
13386
13455
13452
13451
13346
13457
13458
13402
13413
13427
13449
13415
13464
13450
13403
13401
13459
13380
13475
13461
13465
13471
13469
13417
13478
13474
13362
13385
13483
13444
13484
13400
13412
13486
13496
13388
13409
13489
13495
13422
13488
13480
13433
13353
13442
13490
13432
13407
13419
13425
13504
13500
13460
13445
13510
13511
13516
13434
13515
13368
13453
13522
13423
13454
13527
13436
13420
13462
13525
13456
13467
13520
13524
13532
13424
13531
13537
13533
13542
13493
13547
13501
13470
13543
13466
13535
13503
13491
13477
13497
13479
13485
13523
13473
13472
13551
13552
13553
13476
13517
6901
13482
13528
13562
13564
13505
13498
13546
13502
13560
13567
13554
13570
13569
13568
13565
13514
13541
13556
13519
13513
13512
13573
13577
13506
13581
13539
13538
13536
13540
13578
13545
13583
13534
13526
13518
13589
13499
13494
13509
13507
13591
13487
13440
13446
13579
13481
13549
13521
13586
13468
13601
13585
13576
13598
13492
13599
13529
13580
13530
13463
13508
13604
13607
13590
13612
13575
13622
13621
13609
13557
13623
13582
13602
13561
13626
13629
13628
13613
13624
13548
13631
13555
13571
13566
13544
13614
13636
13584
13558
13550
13643
13596
13559
13572
13605
13647
13597
13592
13639
13587
13630
13658
13633
13608
13600
13655
13666
13638
13616
13662
13649
13588
13574
13667
13645
13640
13625
13615
13610
13644
13671
13563
13663
13606
13595
13632
13661
13674
13653
13684
13634
13683
13594
13672
13680
13593
13689
13651
13685
13681
13618
13691
13687
13641
13700
13694
13603
13619
13693
13713
13635
13627
13611
13656
13660
13702
13620
13657
13701
13709
13703
13670
13678
13642
13706
13708
13714
13654
13617
13729
13650
13659
13665
13715
13730
13673
13707
13718
13720
13682
13735
13725
13740
13716
13723
13648
13675
13669
13745
13677
13727
13679
13739
13734
13744
13652
13646
13668
13750
13755
13762
13743
13664
13692
13751
13695
13757
13711
13676
13699
13712
13686
13698
13766
13764
13759
13768
13760
13769
13696
13767
13777
13761
13688
13778
13780
13690
13737
13749
13779
13765
13773
13704
13788
13793
13782
13758
13794
13717
13786
13775
13787
13770
13721
13697
13772
13800
13802
13797
13741
13722
13753
13732
13790
13710
13795
13809
13799
13742
13806
13736
13816
13815
13796
13724
13792
13818
13825
13822
13733
13752
13746
13805
13771
13719
13826
13774
13811
13738
13731
13814
13823
13828
13804
13776
13820
13837
13781
13726
13728
13832
13827
6235
13819
13789
13754
13783
13801
13838
13748
13705
13839
13756
13824
13829
13840
13747
13847
13848
13798
13851
13834
13856
13855
13850
13784
13810
13833
13763
13849
13785
13808
13807
13844
13846
13812
13831
13852
13862
13869
13874
13864
13866
13880
13884
13877
13857
13881
13868
13813
13865
13873
13893
13817
13803
13895
13867
13791
13896
13841
13821
13908
13858
13898
13906
13913
13918
13879
13903
13909
13842
13859
13916
13902
13922
13835
13927
13836
13830
13923
13925
13876
13920
13940
13853
13924
13854
13870
13926
13939
13860
13934
13863
13845
13843
13890
13910
13931
13941
13861
13937
13946
13947
13949
13953
13936
13892
13904
13956
13889
13954
13875
13888
13901
13900
13961
13872
13964
13891
13899
13894
13882
13878
13914
13871
13885
13886
13972
13897
13887
13969
13883
13959
13970
13938
13905
13912
13929
13911
13981
13945
13921
13994
13975
13955
13989
13992
13990
13915
13980
13995
13987
13999
13907
13917
14003
13991
13997
13998
13932
14004
13986
13928
14008
13962
13944
13950
13919
14016
14017
13974
14020
13960
13951
13948
13930
14015
13933
14009
13971
13943
14029
14010
13942
14032
14026
14035
14027
13983
13982
13993
13984
13958
14018
13966
13952
14030
6465
13967
13957
13978
14001
13968
13973
14031
13979
13977
14013
14040
13976
13965
14054
14065
14044
13963
13935
14066
14036
14072
14076
14038
14002
14000
14050
14084
14005
14048
13988
14064
14069
14011
14056
14034
14073
14047
14014
14086
14092
14006
14033
14025
13985
14019
14093
14094
14100
14043
14023
14095
14108
7128
14091
14102
14071
14081
14110
14107
14077
14099
14007
14098
14089
14101
14119
14022
14111
14123
14103
14058
14104
14120
14114
14068
13996
14021
14079
14057
14113
14049
14128
14122
14074
14070
14118
14062
14075
14121
14117
14059
14055
14028
14041
14052
14046
14125
14124
14080
14142
14082
14012
14037
14144
14051
14151
14083
14039
14024
14154
14156
14060
14141
14097
14045
14061
14145
14042
14085
14161
14166
14088
14106
14063
14165
14169
14067
14087
14053
14168
14112
14143
14173
14105
14176
14185
14090
14178
14126
14109
14078
14179
14116
14133
14129
14096
14132
14183
14115
14197
14134
14182
14180
14181
14189
14204
14193
14194
14138
14209
14199
14196
14206
14211
14218
14213
14139
14222
14127
14150
14207
14162
14228
14225
14146
14208
14136
14159
14175
14167
14147
14153
14148
14186
14157
14235
14170
14155
14163
14131
14212
14232
14227
14248
14184
14164
14160
14177
14130
14238
14152
14231
14240
14251
14249
14192
14174
14247
14267
14195
14198
14171
14269
14190
14260
14253
14158
14261
14274
14172
14191
14254
14203
14187
14200
14188
14202
14275
14277
14201
14205
14272
14271
14273
9962
14257
14149
14221
14292
14276
14215
14137
14230
14287
14135
14284
14295
14285
14229
14237
14299
14296
14270
14223
14217
14310
14304
14258
14294
14220
14216
14214
14226
14302
14234
14305
14246
14311
14140
14259
14306
14224
14298
14314
14321
14312
14328
14325
14327
14219
14326
14264
14336
14291
14344
14268
14319
14243
14245
14265
14345
14337
14283
14279
14250
14351
14262
14244
14334
14252
14266
14300
14341
14210
14233
14289
14242
14286
14281
14365
14280
14343
14363
14236
14239
14241
14357
14282
14256
14356
14255
14376
14278
14366
14373
14320
14324
14346
14372
14375
14297
14288
14383
14307
14370
14374
14387
14368
14379
14359
14352
14390
14318
14377
14338
14354
14391
14322
14309
14316
14330
14389
14290
14313
14401
14403
14402
14355
14293
14399
14397
14263
14398
14342
14331
14410
14404
14409
14406
14413
14418
14405
14301
14323
14333
14339
14421
14348
14369
14422
14423
14317
14353
14435
14362
14433
14329
14437
14358
14439
14434
14347
14430
14332
14349
14340
14350
14382
14386
14429
14450
14454
14385
14449
14392
14420
14315
14455
14371
14447
14441
14436
14303
14393
14459
14446
14452
14395
14440
14381
14458
14384
14367
14308
14396
14472
14380
14364
14360
14424
14378
14470
14335
14361
14475
14471
14473
14478
14482
14480
14481
14467
14479
14388
14489
14432
14438
14412
14477
14485
14487
14415
14496
14493
14491
14414
14499
14426
14502
14492
14411
14476
14417
14451
14427
14501
14425
14500
14416
14408
14497
14510
14516
14407
14400
14513
14520
14419
14521
14456
14464
14443
14508
14442
14431
14457
14515
14465
14444
14523
14527
14468
14448
14466
14461
14494
14445
14548
14529
14460
14543
14534
14504
14394
14428
14522
14519
14549
14537
14503
14506
14462
14535
14488
14536
14550
14453
14546
14565
14507
14463
14483
14486
14567
14561
14484
14518
14556
14514
14577
14511
14512
14579
14532
14555
14584
14469
14589
14578
14568
14474
14562
14540
14595
14592
14509
14594
14585
14498
14545
14526
14604
14597
14569
14591
14524
14552
14601
14558
14538
14547
14517
14605
14608
14554
14553
14615
14620
14582
14596
14525
14533
14619
14580
14490
14618
14632
14623
14572
14505
14607
14630
14575
14587
14639
14576
14640
14541
14530
14531
14581
14586
14495
14544
14539
14574
14633
14570
14560
14642
14647
14563
14542
14602
14637
14656
14571
14583
14648
14557
14573
14593
14612
14659
14613
14566
14655
14660
14610
14651
14559
14528
14653
14658
14664
14654
14564
14665
14624
14598
14625
14631
14672
14626
14627
14614
14636
14588
14603
14678
14606
14680
14590
14684
14611
14676
14617
14551
14621
14616
14688
14643
14673
14694
14599
14609
14693
14700
14692
14646
14683
14622
14704
14645
14705
14657
14662
14708
14715
14661
14719
14713
14650
14667
14641
14728
14635
14717
14686
14682
14731
14663
14689
14675
14652
14668
14732
14734
14669
14679
14681
14671
14742
14735
14674
14703
14677
14670
14701
14634
14600
14748
14747
14751
14666
14755
14759
14699
14760
14739
14687
14749
14712
14764
14750
14702
14753
14767
14758
14765
14752
14768
14743
14685
14696
14775
14690
14644
14711
14729
14718
14774
14710
14628
14698
14783
14691
14695
14772
14770
14789
14784
14629
14778
14791
14707
14777
14709
14706
14638
14794
14787
14721
14736
14741
14804
14649
14781
14725
14803
14763
14790
14800
14776
14737
14754
14788
14796
14726
14757
14722
14727
14819
14720
14820
14730
14786
14785
14824
14723
14724
14762
14829
14808
14798
14779
14799
14766
14815
14833
14802
14809
14801
14738
14780
14836
14828
14714
14756
14744
14826
14835
14697
14832
14745
14841
14795
14847
14851
14811
14771
14849
14733
14792
14855
14761
14716
14866
14769
14869
14825
14782
14858
14813
14870
14868
14837
14875
14854
14814
14830
14807
14746
14822
14848
14817
14880
14812
14860
14871
14838
14845
14773
14861
14831
14889
14857
14850
14886
14872
14740
14896
14793
14843
14797
14910
14827
14893
14902
14856
14908
14907
14810
14874
14873
14805
14901
14852
14846
14842
14821
14816
14840
14853
14909
14933
14806
14934
14823
14844
14926
14862
14834
14927
14892
14905
14938
14818
14928
14935
14882
14912
14944
14883
14897
14876
14895
14925
14890
14887
14865
14911
14885
14879
14955
14950
14859
14940
14877
14957
14888
14949
14946
14839
14956
14932
14915
14973
14864
14967
14964
14863
14948
14958
14971
14951
14898
14899
14969
14914
14903
14968
14878
14976
14900
14921
14922
14891
14982
14965
14983
14867
14989
14993
14920
14974
15001
14918
14972
14947
15000
14931
14975
14992
15008
14994
14881
14917
15004
14906
14942
14924
14988
14930
15007
14941
15013
14981
14966
15006
14904
15020
14884
14991
14923
14937
15003
15011
14960
14913
14980
15038
14919
14999
15036
15002
15024
15018
15031
14936
15039
14986
15012
15044
15048
14945
15052
7767
15060
14990
14978
14939
14977
15037
15027
14962
15051
15064
15022
15067
14963
14953
14985
15061
14996
15032
15005
14984
15066
14916
14952
15041
14943
9178
15075
15043
14995
14979
14987
14954
15074
15009
15017
15070
15073
15016
15071
15081
15030
15056
15091
15078
14998
14929
15079
15055
15019
15034
15084
15021
15033
14997
15095
15035
15092
15086
15049
15088
15023
15097
15099
15054
15096
15101
15058
15010
14959
15028
15118
14970
15015
15026
15122
15094
15025
15116
15105
15107
15014
15120
15115
15110
14961
15029
15057
15050
15080
15059
15111
15130
15139
15140
15072
15113
15127
15121
15144
15090
15150
15040
15154
15137
15082
15151
15143
15126
15145
15069
15142
15158
15117
15146
15076
15155
15089
15119
15106
15077
15162
15042
15047
15063
15065
15068
15129
15171
15083
15062
15109
15135
15053
15045
15181
15098
15163
15174
15168
15169
15046
15172
15108
15177
15184
15196
15133
15200
15124
15093
15136
15153
15103
15198
15203
15131
15123
15167
15190
15194
15087
15085
15102
15193
15141
15212
15104
15204
15125
15211
15166
15112
15206
15114
15219
15156
15197
15161
15213
15128
15220
15237
15229
15176
15215
15208
15149
15100
15134
15138
15159
15148
15182
15227
15236
15160
15186
15244
15224
15179
15222
15225
15245
15147
15187
15189
15152
15188
15247
15250
15246
15249
15175
15132
15205
15164
15170
15173
15260
15261
15223
15210
15265
15165
15207
15180
15259
15269
15278
15282
15270
15279
15285
15272
15280
15214
15233
15275
15292
15191
15290
15218
15242
15241
15235
15234
15199
15287
15297
15302
15221
15195
15209
15217
15228
15183
15299
15192
15202
15178
15256
15300
15313
15296
15243
15240
15230
15239
15312
15232
15258
15248
15304
15323
15314
15288
15216
15231
15322
15291
15305
15252
15317
15201
15316
15268
15238
15255
15226
15157
15329
15277
15328
15264
15263
15326
15324
15337
15271
15320
15257
15332
15185
15281
15251
15342
15345
15338
15347
15267
15340
15254
15336
15284
15351
15350
15298
15367
15355
15372
15262
15358
15365
15253
15283
15360
15276
15352
15294
15273
15293
15370
15371
15349
15286
15307
15369
15308
15374
15321
15373
15364
15266
15310
15303
15359
15274
15382
15315
15295
15384
15311
15389
15381
15383
15391
15318
15319
15380
15306
15378
15394
15309
15289
15346
15327
15390
15325
15339
15393
15335
15395
15404
15407
15412
15330
13637
15361
15403
15397
15405
15399
15301
15354
15387
15331
15343
15348
15334
15353
15414
15429
15406
15341
15432
15420
15430
15357
15401
15422
15433
15424
15428
15431
15427
15418
15443
15377
15446
15435
15363
15362
15439
15453
15442
15366
15379
15454
15444
15452
15376
15344
15398
15417
15409
15469
15356
15464
15463
15468
15473
15415
15457
15466
15396
15458
15476
15413
15475
15472
15400
15437
15375
15410
15484
15388
15455
15392
15426
15456
15402
15333
15482
15487
15471
15421
15486
15423
15485
15494
15490
15419
15501
15500
15505
15506
15493
15496
15416
15441
15499
15509
15461
15512
15498
15515
15448
15440
15508
15425
15449
15519
15516
15525
15386
15462
15470
15529
15434
15518
15450
15411
15479
15521
15465
15436
15503
15533
15438
15459
15408
15481
15385
15530
15467
15447
15368
15489
15537
15445
15474
15542
15538
15532
15495
15524
15534
15497
15451
15488
15553
15483
15549
15555
15556
15460
15550
15480
15567
15546
15535
15543
15492
15478
15570
15574
15502
15580
15539
15510
15526
15569
15578
15564
15511
15585
15572
15477
15547
15573
15589
15541
15575
15586
15584
15587
15558
15566
15559
15544
15588
15579
15531
15600
15536
15603
15593
15594
15517
15551
15609
15523
15504
15527
15552
15540
15514
15513
15607
15560
15520
15616
15548
15491
15522
15554
15507
15627
15629
15528
15631
15613
15623
15621
15632
15545
15557
15625
15642
15561
15626
15602
15565
15641
15636
15643
15597
15599
15568
15654
15612
15576
15590
15659
15651
15577
15605
15647
15608
15648
15601
15622
15571
15619
15630
15646
15562
15658
15652
15663
15666
15660
15604
15655
15656
15583
15669
15610
15582
15667
15664
15611
15677
15592
15680
15563
15675
15685
15591
15614
15683
15684
15673
15581
15681
15640
15596
15676
15617
15633
15691
15635
15606
15598
15634
15615
15692
15618
15696
15671
15686
15620
15702
15707
15657
15649
15670
15698
15638
15689
15644
15637
15710
15639
15720
15717
15694
15595
15624
15628
15732
15697
15653
15661
15650
15723
15733
15662
15739
15703
15701
15740
15674
15672
15742
15665
15719
15750
15645
15688
15714
15731
15699
15668
15759
15695
15763
15760
15741
15687
15744
15678
15713
15751
15679
15766
15771
15725
15761
15770
15729
15773
15693
15755
15747
15746
15765
15786
15749
15690
15788
15789
15709
15762
15801
15794
15804
15799
15682
15743
15730
15768
15705
15700
15722
15790
15793
15807
15776
15803
15782
15812
15787
15708
15727
15726
15795
15783
15792
15798
15825
15818
15781
15716
15736
15745
15823
15706
15832
15758
15805
15802
15718
15724
15811
15752
15813
15704
15817
15822
15711
15769
15712
15844
15728
15738
15754
15715
15778
15775
15735
15721
15827
15791
15850
15753
15824
15853
15774
15857
15796
15756
15837
15868
15845
15863
15772
15859
15840
15861
15874
15808
15757
15734
15821
15856
15881
15809
15880
15848
15764
15885
15873
15876
15814
15777
15819
15748
15893
15895
15780
15877
15737
15810
15806
15891
15784
15797
15785
15838
15894
15897
15901
15839
15779
15906
15834
15908
15898
15800
15905
15915
15916
15921
15815
15767
15909
15918
15870
15820
15935
15830
15833
15826
15902
15925
15941
15943
15843
15923
15849
15865
15890
15928
15945
15942
15938
15871
15854
15937
15927
15816
15951
15952
15835
15842
15828
15846
15862
15947
15950
15958
15855
15959
15944
15963
15966
15962
15956
15867
15892
15960
15829
15896
15910
15864
15973
15967
15869
15831
15836
15851
15860
15912
15879
15964
15904
15968
15887
15888
15872
15984
15972
15841
15852
15875
15981
15911
15976
15884
15899
15886
15990
15994
15883
15889
15858
15878
15866
15882
15847
15986
15983
15913
15919
15914
15998
15999
16002
15931
15922
15903
15991
15900
15997
16008
15948
15907
15917
15920
15924
15978
15934
16005
15936
15946
15926
15954
16007
15985
15955
15957
15949
15932
15953
15939
16000
15977
15988
15965
15940
15980
15992
15961
16006
15929
15993
16009
16004
15930
15974
15987
15995
15979
15982
15971
16001
15989
15996
15969
15933
15975
15970
16003
14894
