5
6
16
18
35
14
22
30
49
45
87
65
10
56
40
41
57
24
19
1
3
62
25
33
60
2
7
21
80
54
94
31
58
55
99
91
98
53
64
76
95
77
85
66
71
78
27
100
72
96
84
75
97
51
32
52
92
74
81
9
117
37
23
13
119
145
128
116
153
134
108
115
43
36
39
104
125
135
148
123
103
47
63
114
137
140
151
124
15
44
102
8
73
112
154
68
0
17
61
88
29
131
173
161
174
167
163
160
89
169
172
171
182
101
59
156
164
79
185
4
197
46
196
170
194
204
189
28
179
207
141
209
107
190
178
143
202
144
105
211
142
110
218
113
224
186
121
220
139
11
216
111
82
227
69
48
221
67
12
155
120
166
187
157
146
126
217
232
236
177
20
38
127
237
210
243
208
118
250
200
83
238
245
252
34
249
150
149
90
165
234
183
255
152
226
257
235
50
244
258
260
162
138
206
259
263
278
281
136
192
109
181
282
279
275
264
273
86
70
147
168
159
268
295
286
300
272
291
294
274
122
265
93
180
42
262
175
296
290
191
280
307
106
26
297
299
284
324
327
203
283
129
287
188
228
337
230
342
176
158
277
214
271
333
199
229
293
130
198
330
315
325
242
335
223
319
231
305
240
241
225
338
334
251
253
133
358
340
326
329
270
323
239
343
363
285
339
267
248
292
261
378
347
349
375
367
332
336
288
184
379
353
247
388
380
306
384
303
385
357
391
289
313
370
376
254
355
390
383
215
377
412
364
393
411
372
374
423
400
316
425
414
351
312
408
309
410
344
382
331
193
418
310
389
429
205
256
348
276
213
359
219
195
446
212
439
222
266
396
304
444
269
405
328
415
381
368
416
430
453
350
462
397
447
463
322
394
466
461
443
473
321
361
341
440
471
457
354
365
362
369
311
403
314
459
454
492
434
387
402
352
489
366
476
464
424
432
421
458
480
487
475
478
426
503
317
373
502
485
420
371
398
298
504
346
406
308
491
455
474
514
498
419
318
465
524
497
494
460
451
395
422
505
520
345
386
320
431
435
467
456
448
392
441
246
539
437
428
517
404
496
533
516
551
541
356
544
526
546
486
438
442
519
436
407
528
484
493
507
515
509
567
508
399
575
566
495
452
413
561
401
549
481
570
555
554
565
576
525
477
558
469
427
536
595
579
450
564
301
569
584
574
483
550
445
468
601
449
479
572
611
488
612
360
527
606
613
578
482
521
523
470
472
500
543
499
512
623
607
619
530
506
594
622
589
633
618
620
557
433
628
608
605
634
552
532
616
648
614
645
624
604
501
647
490
529
522
653
631
553
563
643
650
656
646
510
638
654
559
676
652
655
545
664
511
535
582
542
673
642
513
670
677
540
538
581
568
678
598
593
667
596
679
531
548
684
577
573
609
683
672
680
682
649
571
556
547
615
590
661
600
597
592
537
698
580
583
562
518
688
707
625
713
712
586
560
685
588
694
718
726
689
534
716
710
690
725
738
696
735
610
585
740
587
621
599
730
745
729
702
734
722
639
636
750
746
719
699
727
739
728
640
764
627
617
637
644
632
766
743
758
769
629
762
749
752
591
760
774
747
782
770
772
763
641
771
793
626
657
602
603
767
757
759
630
787
794
799
798
693
790
663
675
778
789
808
711
659
687
704
691
701
706
674
781
721
700
723
651
666
669
806
732
737
671
715
668
709
797
733
802
788
777
809
658
703
803
686
635
665
835
817
848
714
814
823
826
812
705
857
724
850
845
697
736
828
742
660
695
868
849
776
824
756
720
748
860
708
779
744
858
842
753
717
864
819
872
853
870
839
741
775
751
783
863
754
829
768
780
876
784
865
765
880
889
800
837
878
884
895
887
785
786
755
896
804
902
792
910
859
907
816
903
805
912
827
890
836
822
811
905
825
820
821
918
898
810
919
917
841
838
906
818
834
911
938
913
807
930
855
851
935
926
877
831
942
928
847
949
933
844
869
801
958
932
852
944
927
936
940
945
946
830
861
956
954
892
873
952
843
957
962
955
950
773
840
832
791
856
961
966
796
975
976
885
963
973
965
875
833
920
981
883
867
972
983
862
846
971
891
854
894
969
989
1004
968
886
980
916
813
909
815
900
996
901
879
881
871
924
991
866
990
904
934
1005
997
899
1024
986
908
888
988
998
882
1029
1009
1023
1025
897
915
1013
922
1006
1028
1027
874
921
1031
1012
1007
1048
1033
1022
923
929
1043
953
1060
1062
959
948
1065
1064
1059
925
1058
1057
893
1068
914
995
1041
1046
1061
931
939
1082
1080
1076
1051
974
1073
1077
1072
984
1067
985
1017
970
1053
1002
1056
1016
967
1045
1014
1018
1089
1003
1034
1000
1008
1036
1001
977
951
937
964
987
1081
982
960
1030
1095
1011
1106
992
941
1020
1094
1040
1086
1098
1114
1037
1118
1125
1010
1112
1050
1039
978
1111
979
1032
1143
1026
994
1127
1113
1047
1035
943
1123
1126
1132
1128
1102
1138
1021
1120
999
1054
1071
1096
1150
1070
1149
1044
1101
1093
1156
1153
1015
1158
1019
1083
1163
1148
1146
1161
1052
1119
993
1164
1160
1174
1155
1147
1069
1167
1159
1180
1176
1182
1157
1078
1038
1075
1162
1117
1104
1140
1110
1185
1166
1177
1178
1105
1066
1188
1193
1049
1136
1100
1079
1196
1115
1187
1191
1055
1042
1063
1116
1199
1109
1206
1175
1215
1091
1189
1211
1204
1209
1087
1107
1133
1221
1207
1092
1219
1090
1200
1216
1208
1231
1137
1085
409
1222
1108
1234
1142
1134
1088
1097
1099
1249
1228
1213
1129
1236
1121
1084
1165
1235
1151
1237
1074
1257
1251
1230
1229
1247
1233
1258
1243
1250
1141
1154
1170
1152
1181
1246
1195
1144
1254
1260
1122
1135
1124
1130
1212
1179
1194
1284
1286
1103
1172
1263
1285
1266
1281
1271
1288
1279
1210
1190
1183
1131
1277
1292
1192
1197
1291
1168
1299
1283
1297
1198
1302
1276
1202
1169
1227
1218
1316
1311
1315
1323
1225
1309
1244
1220
1301
1184
1304
1295
1224
1145
1173
1186
1333
1321
1308
1342
1241
1337
1325
1232
1245
1341
1203
1322
1340
1261
1265
1139
1298
1239
1289
1347
1352
1338
1350
1339
1290
1330
1346
1307
1274
1280
1268
1300
1267
1282
1226
1305
1366
1278
1248
1360
1361
1354
1343
681
1359
1345
1238
1353
1375
1374
1293
1371
1362
1318
1259
1381
1242
1272
1294
1214
1287
1223
1252
1386
1395
1373
1393
1390
1384
1383
1270
1310
1370
1205
1387
1296
1398
1264
1275
1217
1240
1306
1409
1303
1269
1410
1348
1380
1336
1327
1329
1421
1326
1313
1312
1256
1376
1388
1344
1431
1427
1406
1412
1414
1420
1423
1253
1449
1442
1439
1319
1451
1324
1365
1397
1448
1357
1402
1444
1456
1404
1331
1443
1378
1273
1334
1394
1392
1460
1351
1201
1317
1364
1367
1382
1389
1458
1372
1320
1401
1407
1459
1464
1474
1369
1416
1472
1403
1411
1461
1483
1469
1470
1255
1434
1328
1400
1368
1355
1480
1262
1335
1377
1467
1314
1391
1438
1428
1417
1432
1396
1479
1426
1481
1509
1385
1490
1349
1332
1493
1506
1497
1514
1512
1379
1422
1405
1496
1356
1408
1515
1358
1363
1487
1526
1521
1436
1437
1446
1399
1504
1435
1425
1430
1429
1523
1519
1498
1424
1520
1454
1518
1457
1463
1440
1530
1418
1476
1525
1542
1433
1413
1447
1522
1543
1538
1478
1546
1452
1415
1556
1419
1540
1531
1565
1492
1488
1441
1554
1473
1450
1555
1466
1552
1571
1568
1445
1547
1513
1501
1550
1594
1455
1593
1572
1453
1475
1588
1575
1462
1486
1468
1573
1529
1535
1576
1579
1544
1494
1583
1589
1495
1516
1499
1603
1561
1566
1607
1609
1505
1592
1500
1557
1578
1608
1596
1532
1491
1553
1507
1586
1511
1528
1598
1524
1508
1502
1541
1623
1613
1471
1536
1625
1595
1564
1517
1534
1635
1632
1482
1503
1549
1611
1622
1629
1477
1562
1551
1545
1539
1620
1465
1624
1648
1569
1647
1645
1649
1640
1644
1560
1587
1537
1619
1570
1580
1650
1567
1618
1527
1654
1563
1533
1669
1510
1485
1652
1657
1656
1674
1668
1665
1658
1664
1581
1548
1638
1675
1559
1667
1673
1616
1590
1621
1577
1600
1688
1585
1591
1699
1602
1646
1582
1599
1597
1695
1705
1687
1604
1639
1698
1574
1713
1690
1631
1606
1689
1636
1605
1720
1711
1702
1584
1726
1719
1706
1710
1610
1715
1617
1630
1727
1627
1628
1716
1729
1642
1725
1737
1663
1634
1615
1651
1742
1614
1626
1732
1751
1633
1670
1678
1701
1641
1740
1612
1653
1707
1676
1756
1637
1775
1752
1744
1682
1684
1768
1660
1659
1691
1696
1766
1763
1762
1681
1655
1770
1697
1677
1749
1672
1671
1776
1643
1703
1704
1724
1708
1794
1773
1781
1722
1786
1718
1797
1661
1787
1788
1683
1779
1783
1694
1692
1686
1685
1709
1774
1793
1748
1717
1747
1739
1736
1721
1802
1809
1666
1810
1680
1712
1700
1693
1796
1804
1662
1728
1760
1757
1759
1811
1753
1814
1817
1758
1832
1730
1745
1738
1839
1816
1825
1777
1840
1845
1733
1828
1772
1841
1714
1761
1856
1731
1820
1823
1755
1723
1735
1854
1750
1767
1855
1764
1851
1858
1864
1746
1852
1868
1865
1741
1869
1743
1791
1886
1771
1769
1882
1876
1881
1872
1861
1812
1815
1800
1805
1778
1877
1889
1887
1879
1893
1782
1883
1792
1884
1895
1833
1819
1784
1734
1780
1894
1795
1880
1790
1827
1813
1904
1896
1909
1789
1902
1785
1826
1803
1920
1924
1911
1901
1836
1926
1846
1931
1754
1899
1843
1798
1908
1925
1831
1834
1917
1821
1818
1913
1807
1905
1765
1857
1930
1859
1891
1936
1875
1929
1938
1948
1837
1943
1801
1934
1940
1951
1829
1835
1954
1933
1945
1844
1866
1953
1955
1944
1952
1956
1937
1850
1847
1947
1949
1897
1962
1853
1941
1867
1890
1860
1830
1958
1849
1959
1873
1808
1970
1907
1848
1973
1957
1842
1878
1912
1960
1971
1822
1900
1986
1903
1963
1885
1992
1871
1994
1870
1874
1888
1979
2000
1806
1984
1863
1993
1980
1799
1988
1862
1987
2016
2010
1989
2021
2017
1928
1921
1892
1918
2015
1975
2018
1996
2030
1898
2019
2013
2033
2024
2028
1915
2020
1964
1977
2025
2039
2035
2037
2041
1942
2058
1922
1919
2050
1932
2056
1914
1935
1910
1906
2049
1969
1982
2063
1916
2042
2051
1927
1950
1983
1939
2009
2052
2066
2047
2064
2069
1946
2071
2053
2070
1999
2067
2003
2076
2002
2074
1961
2060
1978
1838
1824
1967
2078
1968
1995
1998
2094
2075
2012
2004
1991
2029
2006
2105
2014
2109
1981
2001
1997
2108
2085
1972
1974
2023
2008
2087
1965
2011
2031
1990
2107
2046
2007
2114
2115
1976
2126
2120
2034
2133
2132
2077
2117
2054
2022
1966
2065
2048
2127
2043
2123
2122
2129
2111
2136
2045
2139
2083
2130
1985
2144
2059
2040
2103
2026
2044
2140
2146
2032
2062
2145
2150
2055
2089
2027
2038
2158
2080
2148
2160
2061
2155
2153
2099
2072
2096
2084
2086
2104
2110
2168
2161
2162
2088
2174
2151
2159
2187
2181
2082
2189
2135
2036
2166
2169
2112
2068
2073
2092
2180
2057
2081
2091
2098
2192
2200
2163
2202
2125
2176
2079
2121
2128
2131
2173
2201
2100
2205
2097
2093
2211
2101
2223
2124
2215
2090
2116
2138
2228
2220
2209
2137
2227
2134
2102
2143
2226
2222
2239
2206
2106
2241
2245
2229
2231
2225
2157
2177
2238
2233
2243
2188
2113
2248
2118
2234
2186
2257
2249
2263
2246
2152
2269
2254
2219
2259
2260
2199
2184
2264
2171
2182
2278
2197
2164
2267
2149
2271
2262
2208
2185
2190
2210
2167
2194
2172
2147
2284
2191
2288
2175
2218
2273
2279
2277
2213
2195
2290
2216
2303
2207
2196
2293
2289
2221
2179
2095
2299
2261
2178
2224
2306
2203
2296
2315
2298
2311
2141
2156
2183
2154
2214
2308
2323
2297
2307
2232
2313
2322
2165
2329
2250
2309
2319
2327
2258
2292
2324
2328
2193
2270
2274
2255
2237
2316
2338
2212
2325
2344
2330
2253
2326
2170
2251
2198
2236
2341
2235
2256
2350
2240
2356
2321
2314
2280
2295
2252
2268
2286
2354
2359
2230
2353
2247
2272
2217
2380
2371
2370
2300
2368
2376
2367
2266
2377
2283
2285
2276
2372
2374
2381
2385
2291
2378
2301
2391
2294
2339
2305
2302
2343
2318
2317
2389
2398
2392
2407
2390
2401
2404
2335
2287
2396
2409
2337
2406
2320
2394
2312
2403
2411
2304
2310
2414
2346
2429
2348
2410
2430
2244
2281
2422
2425
2363
2420
2351
2435
2415
2438
2282
2424
2439
2357
2332
2366
2336
2364
2436
2446
2447
2454
2331
2456
2451
2333
2440
2460
2449
2450
2340
2462
2421
2386
2464
2342
2459
2345
2361
2379
2382
2408
2471
2400
2369
2468
2358
2467
2465
2387
2399
2476
2478
2473
2362
2470
2489
2490
2480
2484
2477
2481
2493
2349
2355
2499
2347
2360
2427
2388
2474
2488
2412
2498
2492
2432
2352
2393
2395
2423
2373
2445
2365
2417
2397
2383
2442
2485
2497
2508
2495
2405
2502
2444
2511
2458
2463
2504
2514
2510
2513
2516
2413
2334
2536
2448
2529
2507
2521
2535
2519
2512
2505
2515
2455
2537
2433
2538
2402
2384
2526
2461
2525
2532
2453
2443
2418
2534
2517
2452
2546
2541
2527
2560
2431
2416
2552
2469
2550
2457
2542
2556
2566
2472
2554
2557
2419
2561
2572
2437
2524
2577
2573
2426
2590
2591
2576
2584
2585
2581
2580
2441
2586
2570
2428
2583
2434
2568
2482
2571
2475
2594
2595
2375
1558
2589
2578
2601
1679
2599
2551
2523
2265
2559
302
2494
2604
233
2545
2522
662
2479
2603
2614
1484
2509
2616
2530
2531
2506
2615
947
2619
2620
2496
2613
761
2632
2611
2628
2626
2518
2483
2638
2629
2533
2486
2622
2553
2563
2643
2547
2528
2501
2642
2555
2503
2466
2647
2635
2579
2491
2658
2650
2644
2651
2548
2662
2665
2575
2655
2540
2661
2549
2667
2593
2670
2574
2606
2653
2600
2681
2588
2673
2674
2683
2487
2587
2671
2693
2677
2700
2612
2684
2596
2692
2694
2592
2539
2569
2520
2695
2543
2544
2558
2701
2562
2567
2609
2605
2608
2607
2617
2618
2654
2645
2712
2715
2703
2624
2717
2640
2565
2633
2582
2697
2716
2711
2610
2730
2663
2631
2634
2500
2728
2625
2699
2630
2657
2623
2726
2627
2597
2722
2708
2736
2666
2718
2637
2723
2641
2735
2732
2649
2729
2598
2737
2734
2740
2668
2743
2676
2714
2766
2564
2742
2741
2765
2621
2636
2739
2758
2760
2659
2763
2771
2756
2702
2769
2646
2648
2751
2752
2772
2664
2767
2602
2685
2721
2682
2680
2709
2786
2690
2785
2706
2789
2780
2777
2797
2778
2782
2800
2791
2790
2675
2639
2803
2679
2775
2660
2787
2720
2807
2687
2731
2733
2816
2808
2801
2805
2689
2688
2738
2804
2823
2819
2818
2713
2719
2672
2724
2827
2831
2757
2686
2809
2691
2817
2822
2834
2710
2698
2824
2707
2844
2753
2669
2840
2820
2832
2828
2652
2843
2746
2754
2755
2845
2799
2781
2678
2705
2859
2796
2846
2750
2696
2851
2850
2857
2842
2838
2836
2792
2747
2864
2759
2837
2869
2773
2852
2862
2877
2798
2878
2866
2794
2762
2825
2860
2725
2793
2856
2727
2853
2749
2870
2744
2784
2883
2821
2656
2748
2888
2898
2704
2745
2873
2886
2879
2788
2905
2897
2779
2812
2895
2841
2770
2811
2802
2891
2908
2900
2899
2889
2776
2931
2933
2918
2919
2930
2937
2924
2863
2929
2911
2768
2913
2764
2915
2858
2830
2814
2938
2912
2835
2829
2839
2875
2874
2761
2855
2946
2848
2903
2939
2956
2935
2876
2813
2854
2953
2904
2943
2965
2783
2960
2880
2885
2906
2795
2955
2774
2961
2806
2950
2957
2847
2923
2964
2881
2815
2966
2871
2968
2958
2972
2882
2970
2959
2967
2826
2977
2951
2979
2896
2925
2909
2988
2868
2974
2887
2982
2833
2867
2976
2993
2986
2865
2975
2954
2902
2990
2980
2996
2849
2944
2893
2890
2983
2987
2984
2907
2901
2989
3013
2894
3012
2940
3008
2981
3017
2999
3025
3019
3003
3036
3006
3044
2942
2952
3034
3015
3007
3045
2932
2926
3038
3018
2872
3030
3035
3011
2861
2916
2998
3028
3020
2920
3043
3004
2973
3055
2962
3056
3059
3051
2991
3060
3065
3061
3077
2934
2917
3047
3058
3046
3054
3068
3063
3057
2969
3005
2892
3014
2992
3066
3001
2985
3021
3080
3009
3026
3076
2948
2947
3031
3023
3087
2994
3099
3039
2963
3085
3094
2941
2997
3093
3098
3016
2922
3095
3109
2921
3108
3010
2936
3024
3119
3106
3121
3029
3073
3067
3117
2914
3000
3113
3064
3032
3103
3120
3072
2995
3129
3070
3033
2884
3118
3134
3137
3128
3002
3115
3052
3127
3042
3022
3027
3041
3040
3079
3131
3082
3069
3140
3053
3145
3144
3154
2910
3090
3150
3142
3153
3037
3158
3151
3089
3164
3162
3159
3062
3168
2945
3114
3081
3101
3071
3167
3075
3152
3166
3116
3049
3091
3160
3110
3096
3171
3180
3165
3050
3179
3086
2949
3074
3084
2978
2928
3185
3199
3092
2971
3188
3197
3182
3202
3130
3204
3213
3192
3193
3206
3105
3211
3207
3181
3136
3102
3201
3126
3210
3122
3175
3104
3125
3138
3208
3132
3200
3112
3143
3215
3216
3172
3083
3111
3226
3078
3234
3224
3174
3221
3218
3231
3139
3227
3048
3228
3088
3097
3219
3236
3238
3156
3233
3240
3163
3135
3149
3178
3100
3191
3239
3157
3237
3107
3259
3148
3256
3183
3261
3249
3176
3246
3155
3255
3257
3187
3264
3124
3243
3123
3279
3258
3196
3146
3147
3170
3265
3169
3273
3270
3268
3184
3262
3141
3194
3281
3286
3291
3203
3209
3198
3195
3277
3161
3229
3296
3299
3173
3295
3248
3304
3306
3133
3186
3205
3254
3290
3309
3308
3230
3287
3222
3302
3318
3242
3307
3212
3319
3315
3232
3177
3298
3329
3320
3321
3313
3336
3189
3326
3235
3342
3333
3330
3267
3251
3241
3220
3332
3341
3328
3217
3349
3344
3324
3266
3351
3244
3297
3356
3284
3343
3340
3359
3368
3271
3282
3331
3337
3365
3353
3225
3247
3288
3269
3190
3358
3357
3346
3375
3252
3245
3373
3276
3323
3372
3367
3371
3322
3260
3214
3223
3280
3364
3378
3312
3294
3386
3272
3275
3380
3283
3366
3388
3383
3274
3387
3300
3250
3301
3409
3399
3396
3404
3377
3311
3278
3263
3253
3393
3325
3405
3412
3390
3407
3410
3292
3401
3310
3392
3418
3389
3419
3289
3374
3305
3429
3408
3400
3435
3448
3314
3293
3423
3317
3327
3425
3434
3447
3458
3454
3452
3335
3445
3303
3446
3443
3463
3453
3449
3456
3466
3437
3441
3464
3440
3355
3465
3472
3467
3462
3459
3381
3352
3347
3379
3468
3469
3316
3415
3477
3476
3480
3397
3442
3406
3403
3382
3486
3473
3426
3455
3485
3470
3421
3422
3431
3428
3420
3438
3430
3491
3490
3432
3484
3510
3505
3417
3504
3507
3384
3414
3350
3391
3496
3495
3360
3508
3398
3502
3520
3524
3471
3460
3526
3439
3537
3517
3479
3538
3370
3483
3482
3518
3444
3451
3457
3541
3474
3489
3285
3532
3523
3542
3549
3488
3338
3536
3545
3540
3411
3354
3487
3361
3492
3436
3553
3555
3475
3334
3376
3345
3362
3478
3395
3424
3565
3558
3348
3573
3571
3498
3570
3494
3363
3499
3503
3559
3560
3369
3500
3563
3497
3528
3581
3481
3574
3535
3402
3578
3572
3427
3592
3591
3385
3512
3433
3531
3539
3534
3506
3590
3514
3601
3450
3595
3597
3589
3583
3598
3339
3515
3529
3593
3544
3548
3550
3527
3606
3501
3608
3596
3519
3525
3614
3511
3620
3533
3619
3616
3552
3461
3577
3522
3635
3546
3547
3493
3636
3643
3561
3641
3639
3652
3394
3509
3588
3554
3530
3556
3575
3655
3604
3569
3416
3661
3603
3659
3649
3551
3585
3667
3584
3557
3566
3521
3605
3623
3613
3594
3562
3670
3671
3663
3600
3656
3599
3587
3665
3672
3662
3615
3621
3666
3627
3609
3682
3668
3637
3582
3679
3628
3611
3612
3630
3675
3633
3676
3669
3684
3680
3607
3689
3622
3543
3516
3698
3625
3634
3586
3704
3629
3685
3695
3564
3647
3632
3718
3705
3678
3650
3693
3690
3707
3710
3700
3703
3709
3708
3610
3699
3576
3618
3696
3719
3691
3624
3642
3713
3731
3602
3724
3733
3711
3617
3631
3714
3735
3580
3741
3720
3737
3654
3729
3640
3734
3740
3744
3745
3750
3660
3746
3748
3717
3653
3568
3638
3644
3648
3626
3762
3759
3769
3754
3775
3773
3776
3513
3657
3766
3767
3763
3787
3687
3677
3715
3645
3651
3579
3646
3760
3765
3701
3788
3789
3702
3799
3807
3812
3664
3725
3808
3809
3758
3749
3811
3805
3814
3806
3683
3815
3706
3722
3738
3686
3821
3816
3728
3832
3818
3822
3694
3712
3819
3732
3777
3692
3783
3742
3726
3739
3820
3756
3829
3721
3688
3716
3658
3841
3730
3801
3800
3723
3834
3757
3747
3794
3752
3761
3797
3786
3846
3837
3843
3833
3674
3790
3697
3796
3772
3798
3781
3782
3779
3860
3793
3849
3842
3854
3850
3770
3865
3774
3768
3859
3753
3876
3884
3764
3867
3886
3882
3780
3852
3866
3881
3872
3817
3871
3888
3736
3873
3825
3771
3681
3863
3894
3803
3893
3897
3755
3751
3778
3784
3791
3864
3891
3785
3673
3795
3827
3823
3727
3828
3902
3804
3856
3853
3840
3910
3907
3874
3911
3903
3792
3862
3826
3901
3857
3916
3851
3831
3847
3924
3824
3889
3810
3813
3906
3926
3870
3909
3929
3937
3883
3858
3930
3914
3944
3936
3912
3933
3895
3855
3835
3830
3948
3802
3845
3943
3869
3928
3947
3932
3743
3963
3951
3941
3880
3942
3839
3836
3962
3939
3959
3958
3861
3949
3954
3969
3905
3946
3892
3896
3976
3950
3988
3957
3975
3848
3979
3965
3990
3983
3961
3900
3992
3989
3899
3972
3982
3994
3987
3986
3996
3978
3838
3999
3844
4001
3925
3935
3927
3913
3898
3887
3918
4010
4006
3952
3980
3960
4017
3875
4009
3879
3997
4016
4007
3966
4022
3923
4021
4008
4026
3953
4030
3919
4044
4035
4039
4034
3938
3878
3868
4002
4027
3955
3971
4036
4012
4018
4045
4042
3904
4047
4040
4033
4054
3890
4049
4056
4038
4058
4023
3984
3922
3970
4048
4046
3977
4063
3981
4011
3956
4078
4062
4075
4073
4019
4070
4059
3934
3998
4074
4004
4072
3931
3993
3917
4088
4084
3945
4000
4092
4068
4089
3920
4081
4014
3967
4079
4005
4086
4096
4107
4037
4095
4101
4091
3885
4100
4106
3915
4097
4051
4122
3974
4112
4110
4031
3968
4105
4104
4099
4050
3995
3908
4102
4052
4114
4024
4129
4127
4123
4135
3940
4119
4003
4015
4013
4025
4139
4111
4116
3964
3877
4124
4082
4132
4140
4060
3991
4147
4143
3973
4142
4094
4133
4151
4057
4163
4161
4156
4093
4166
3921
4165
4174
4168
4172
4158
4120
4065
4164
4055
4128
4020
4167
4069
3985
4176
4183
4103
4125
4032
4190
4028
4076
4115
4108
4149
4083
4080
4185
4181
4066
4184
4169
4043
4188
4041
4205
4204
4195
4189
4067
4193
4131
4198
4090
4061
4197
4087
4162
4187
4153
4118
4064
4098
4130
4210
4207
4211
4209
4206
4152
4218
4146
4208
4077
4109
4071
4234
4085
4126
4224
4134
4113
4222
4159
4148
4029
4228
4217
4244
4227
4138
4150
4238
4121
4137
4248
4136
4221
4241
4144
4215
4219
4245
4236
4179
4160
4170
4263
4246
4157
4249
4262
4177
4194
4260
4250
4280
4141
4220
4268
4272
4180
4274
4117
4275
4284
4243
4258
4277
4261
4265
4291
4214
4266
4216
4155
4175
4287
4290
4226
4186
4297
4173
4301
4212
4199
4229
4196
4182
4299
4311
4305
4202
4314
4315
4233
4303
4192
4178
4171
4295
4237
4308
4322
4317
4300
4247
4324
4310
4145
4328
4191
4254
4323
4225
4240
4326
4230
4201
4223
4334
4256
4340
4329
4270
4342
4255
4335
4345
4347
4154
4336
4343
4242
4251
4232
4349
4281
4231
4288
4338
4253
4356
4350
4257
4344
4203
4359
4357
4259
4252
4368
4366
4346
4373
4365
4363
4276
4378
4369
4380
4379
4269
4235
4200
4283
4271
4273
4388
4213
4387
4389
4296
4302
4289
4292
4385
4293
4279
4390
4294
4375
4307
4239
4309
4399
4397
4285
4286
4381
4312
4393
4264
4278
4352
4401
4383
4402
4306
4404
4325
4313
4327
4392
4415
4394
4400
4419
4429
4321
4417
4406
4267
4337
4425
4353
4434
4418
4408
4333
4422
4413
4444
4407
4437
4416
4438
4432
4435
4304
4332
4447
4421
4428
4451
4420
4319
4431
4316
4441
4448
4440
4282
4463
4331
4457
4318
4341
4361
4445
4468
4467
4475
4348
4398
4454
4464
4298
4371
4330
4396
4470
4374
4455
4339
4362
4391
4382
4386
4472
4484
4358
4360
4410
4370
4478
4384
4354
4481
4486
4372
4490
4493
4355
4395
4487
4494
4504
4430
4510
4509
4491
4501
4443
4497
4498
4351
4508
4403
4459
4450
4512
4499
4514
4502
4439
4460
4411
4426
4522
4409
4376
4364
4427
4536
4530
4442
4320
4367
4516
4482
4520
4534
4528
4513
4539
4540
4531
4414
4469
4377
4424
4543
4436
4466
4523
4542
4558
4492
4446
4562
4533
4559
4563
4449
4488
4548
4452
4511
4549
4496
4567
4474
4479
4456
4554
4575
4462
4538
4503
4461
4532
4582
4489
4505
4433
4477
4517
4576
4476
4453
4588
4412
4586
4473
4591
4578
4515
4573
4592
4485
4500
4507
4546
4572
4519
4601
4574
4605
4521
4606
4598
4569
4599
4611
4596
4612
4617
4526
4537
4544
4556
4555
4518
4604
4525
4545
4603
4595
4626
4625
4524
4551
4529
4506
4616
4483
4568
4633
4624
4550
4638
4547
4608
4637
4552
4465
4627
4553
4639
4594
4535
4527
4620
4635
4628
4632
4649
4619
4636
4557
4615
4580
4581
4651
4577
4587
4660
4571
4541
4597
4405
4480
4590
4659
4564
4471
4654
4666
4423
4681
4677
4652
4667
4653
4669
4642
4684
4579
4656
4644
4583
4685
4673
4679
4693
4690
4691
4674
4584
4566
4686
4561
4680
4614
4560
4600
4565
4689
4688
4692
4700
4618
4585
4675
4694
4621
4699
4570
4602
4607
4715
4702
4714
4726
4704
4629
4650
4709
4712
4730
4593
4701
4613
4645
4609
4733
4738
4640
4589
4630
4710
4643
4706
4671
4739
4729
4728
4732
4740
4734
4623
4610
4661
4647
4755
4744
4749
4687
4762
4753
4757
4745
4747
4634
4746
4641
4646
4742
4766
4756
4622
4657
4458
4769
4754
4672
4775
4707
4664
4779
4676
4683
4719
4767
4761
4722
4771
4776
4708
4760
4768
4725
4705
4723
4711
4670
4695
4663
4790
4721
4696
4716
4795
4796
4791
4631
4806
4780
4809
4787
4735
4759
4812
4808
4810
4801
4792
4797
4743
4648
4822
4821
4750
4794
4731
4827
4665
4655
4662
4713
4823
4813
4818
4828
4658
4718
4786
4789
4782
4748
4825
4678
4830
4720
4703
4741
4839
4840
4844
4727
4847
4751
4832
4697
4682
4858
4724
4788
4778
4736
4774
4842
4763
4841
4819
4861
4860
4798
4772
4770
4866
4698
4816
4865
4783
4857
4874
4752
4853
4803
4773
4880
4781
4836
4737
4855
4876
4852
4873
4882
4881
4800
4885
4886
4820
4814
4888
4817
4846
4793
4889
4668
4777
4835
4834
4900
4824
4764
4765
4758
4784
4833
4894
4829
4887
4815
4897
4802
4785
4804
4807
4892
4891
4850
4859
4893
4919
4905
4913
4901
4811
4911
4910
4923
4899
4903
4837
4912
4805
4920
4863
4862
4895
4917
4941
4879
4848
4922
4902
4939
4940
4930
4877
4921
4918
4838
4952
4883
4931
4929
4948
4867
4971
4956
4799
4972
4937
4969
4950
4954
4975
4854
4831
4843
4973
4982
4871
4906
4890
4974
4914
4864
4878
4980
4845
4872
4986
4990
4926
4884
4957
4907
4958
4985
4875
4916
4932
4987
4915
4851
4983
4938
4849
4996
4949
4928
4904
4992
4898
4936
4976
4908
4993
4964
4962
4951
4967
5003
4925
5020
4924
4947
5007
5022
5018
5026
5009
5008
5010
5017
5024
4945
5019
4896
5006
4977
5028
4960
5039
5036
5030
5035
5037
4981
4870
4909
5032
5041
5031
4868
4927
5052
4869
5047
4989
5044
4978
5034
5051
4988
5001
5050
5056
5060
5055
5061
4944
5059
5054
5064
5005
5014
5053
4991
5070
5069
5081
5080
5063
4934
4946
5075
5067
5083
4953
5078
5084
5015
5074
5072
4955
5012
5033
5016
5082
4935
4942
4933
4959
4943
4968
4999
5021
5088
5066
5002
5013
5097
4965
4984
5085
4961
4963
5093
4995
5011
4970
5092
4994
5108
5102
5119
4998
5106
5112
5103
5098
5111
5071
5120
5095
5117
4979
5023
5000
5131
5096
5104
5105
5087
5126
5107
5121
5109
5027
5043
5124
5125
5045
5136
5114
5135
5134
5062
5058
5127
5029
5150
5143
5164
5046
4997
5132
5057
5154
5049
5152
5148
5147
5162
5048
5139
5168
5156
4966
5100
5137
5094
5167
5165
5073
5077
5178
5068
5038
5187
5180
5138
5142
5145
5175
5174
5159
5172
5144
5181
5155
5089
5173
5025
5040
5183
5086
5042
5195
5128
5079
5190
5177
5185
5076
5091
5149
5065
5193
5188
5146
5151
5201
5194
5199
5204
5206
5200
5219
5129
5123
5229
5099
5161
5209
5226
5130
5217
5110
5133
5169
5160
5101
5215
5218
5170
5213
5197
5227
5223
5225
5208
5239
5240
5232
5166
5171
5186
5231
5222
5243
5255
5118
5116
5211
5176
5158
5246
5253
5260
5262
5251
5248
5254
5256
5265
5234
5244
5245
5216
5235
5275
5274
5163
5286
5279
5115
5140
5269
5276
5182
5203
5157
5141
5282
5179
5189
5090
5287
5283
5284
5296
5289
5291
5250
5288
5292
5207
5258
5238
5299
5122
5196
5198
5294
5224
5228
5308
5311
5210
5241
5242
5322
5297
5230
5233
5285
5319
5309
5301
5316
5318
5330
5332
5335
5324
5329
5113
5315
5336
5340
5205
5310
5337
5184
5247
5317
5331
5314
5313
5236
5278
5191
5252
5321
5341
5257
5264
5352
5237
5344
5273
5153
5221
5192
5358
5300
5346
5271
5293
5345
5353
5277
5259
5281
5360
5304
5261
5220
5290
5267
5371
5323
5295
5361
5363
5386
5325
5263
5364
5366
5373
5368
5387
5383
5375
5303
5320
5272
5202
5214
5327
5339
5348
5384
5343
5385
5302
5338
5392
5342
5268
5359
5398
5409
5333
5306
5410
5422
5407
5408
5326
5414
5420
5415
5365
5312
5421
5270
5433
5396
5426
5428
5350
5429
5266
5280
5374
5334
5399
5434
5347
5362
5307
5298
5328
5305
5349
5438
5435
5376
5442
5354
5454
5367
5351
5450
5445
5357
5355
5446
5458
5416
5447
5397
5356
5401
5395
5456
5457
5453
5369
5382
5393
5460
5391
5412
5467
5381
5465
5468
5436
5452
5378
5470
5481
5400
5425
5403
5493
5483
5485
5419
5471
5423
5480
5388
5492
5475
5487
5380
5377
5486
5469
5389
5439
5478
5418
5473
5497
5461
5491
5495
5502
5496
5411
5402
5440
5441
5472
5390
5379
5510
5489
5449
5370
5511
5427
5518
5524
5506
5444
5484
5499
5515
5534
5443
5448
5519
5512
5505
5404
5451
5372
5522
5532
5459
5528
5513
5533
5546
5424
5545
5543
5523
5550
5554
5521
5537
5548
5538
5437
5527
5488
5562
5516
5561
5406
5479
5430
5462
5565
5553
5535
5549
5464
5558
5474
5582
5508
5556
5417
5572
5573
5482
5567
5455
5581
5591
5580
5432
5531
5413
5595
5579
5494
5501
5498
5500
5477
5593
5466
5490
5509
5507
5584
5504
5590
5598
5585
5431
5592
5594
5597
5602
5603
5541
5613
5394
5600
5529
5607
5514
5405
5605
5623
5517
5526
5617
5614
5476
5544
5629
5536
5627
5540
5503
5621
5638
5520
5628
5643
5631
5557
5635
5547
5560
5525
5571
5542
5552
5564
5644
5576
5642
5634
5568
5566
5569
5649
5551
5639
5563
5633
5658
5651
5655
5574
5666
5659
5587
5665
5637
5660
5653
5599
5622
5612
5611
5586
5596
5615
5675
5667
5559
5583
5664
5661
5539
5530
5672
5679
5619
5683
5689
5693
5606
5624
5641
5705
5601
5688
5588
5704
5636
5694
5609
5701
5703
5712
5707
5640
5577
5687
5608
5618
5709
5578
5632
5575
5657
5662
5724
5673
5713
5680
5708
5647
5725
5616
5677
5717
5678
5630
5734
5699
5626
5685
5723
5654
5722
5604
5646
5741
5648
5681
5570
5625
5744
5697
5620
5739
5720
5746
5668
5755
5645
5740
5674
5738
5670
5589
5750
5737
5671
5751
5747
5760
5748
5684
5700
5669
5676
5759
5768
5663
5691
5656
5753
5756
5752
5775
5692
5780
5652
5682
5784
5650
5690
5696
5716
5786
5782
5702
5777
5781
5732
5610
5710
5788
5762
5794
5695
5715
5764
5718
5728
5793
5711
5799
5779
5802
5733
5817
5726
5706
5812
5811
5792
5810
5758
5731
5815
5770
5807
5766
5819
5809
5714
5776
5767
5721
5765
5742
5822
5805
5833
5772
5828
5730
5727
5729
5698
5825
5838
5757
5797
5827
5837
5761
5803
5736
5846
5847
5840
5854
5824
5749
5735
5754
5743
5719
5852
5787
5791
5785
5836
5774
5778
4826
5745
5773
5829
5783
5771
5868
5789
5801
5851
5870
5861
5888
5820
5869
5878
5850
5844
5871
5816
5804
5769
5795
5860
5856
5814
5790
5800
5845
5798
5823
5796
5898
5894
5808
5849
5763
5884
5842
5818
5885
5834
5908
5873
5830
5911
5896
5813
5835
5821
5826
5916
5913
5864
5862
5924
5848
5841
5831
5932
5865
5881
5920
5887
5863
5921
5859
5832
5886
5942
5935
5940
5929
5855
5858
5937
5806
5877
5947
5892
5853
5893
5890
5857
5949
5946
5882
5944
5958
5939
5953
5866
5880
5905
5967
5889
5867
5960
5874
5909
5957
5910
5918
5883
5979
5906
5895
5972
5875
5974
5907
5970
5897
5922
5879
5872
5903
5962
5933
5891
5981
5899
5985
5912
5900
5952
5994
5975
5999
5968
5917
5991
5902
5996
5980
5988
5930
5904
5976
6013
6009
6000
5919
5876
6008
5926
5989
5925
5928
6020
5997
6017
5941
6028
6019
6027
6029
6022
6021
6018
5961
5936
5955
6037
5959
6038
5945
6023
5966
6031
5993
5956
6033
6026
6024
6043
5927
5986
6039
6051
6048
5951
5992
5948
6044
5973
5995
5987
5982
6004
5990
6015
5964
5963
5950
6007
5463
5977
6046
6047
6065
6005
5843
6058
6067
6014
5971
5969
5954
5943
6078
5931
6069
5978
6012
6003
6001
5984
5998
6011
6010
6030
6066
5938
6016
6075
6086
5914
6006
6053
6099
6042
6002
6084
5915
6034
6097
6087
6082
6106
6055
6101
6036
5965
6105
6098
5901
6100
6085
6052
6060
6096
6035
5934
6040
6109
6050
5923
6057
6123
6041
6025
6116
6032
6104
6125
6117
6077
6121
6126
6045
6115
6094
6076
6093
6111
6128
6091
6129
6088
6122
6146
6072
6092
6049
6083
6074
6054
6068
6062
6056
6150
6157
6090
6071
6163
6089
6138
6061
6156
6070
6080
6160
6137
6081
6141
6102
6107
6170
6142
6114
6175
6119
6127
6079
6171
6145
6112
6165
6103
6172
6134
6063
6095
6133
6159
6151
6073
6059
6110
6184
6162
6132
6155
6168
6124
6139
6135
6204
6143
6206
6215
6177
6180
6203
6144
6191
6186
6181
6113
6130
6152
6182
6194
6202
6149
6183
6219
6147
6140
6187
6224
6208
6108
6148
6209
6174
6210
6220
6212
6136
6238
6167
6169
6179
6231
6234
6241
6242
6225
6120
6246
6196
6223
6176
6192
6164
6178
6247
6197
6243
6201
6252
6233
6254
6207
6185
6227
6193
6199
6188
6251
6190
6226
6260
6118
6166
6173
6154
6189
6218
6255
6256
6153
6214
6217
6283
6262
6205
6273
6277
6261
6161
6239
6235
6275
6268
6240
6200
6230
6248
6289
6265
6302
6280
6213
6281
6259
6198
6286
6292
6229
6272
6236
6278
6216
6291
6299
6315
6304
6314
6295
6245
6249
6285
6284
6211
6250
6232
6195
6303
6325
6228
6221
6312
6266
6305
6323
6335
6253
6327
6222
6257
6308
6279
6322
6288
6338
6237
6264
6296
6348
6270
6361
6342
6274
6271
6331
6263
6287
6244
6269
6293
6307
6359
6311
6326
6267
6290
6370
6343
6341
6297
6366
6294
6336
6258
6317
6365
6373
6346
6357
6313
6333
6334
6298
6380
6309
6316
6374
6324
6376
6351
6300
6355
6276
6310
6379
6282
6392
6383
6384
6320
6306
6301
6344
6332
6339
6387
6350
6329
6349
6417
6364
6321
6363
6318
6411
6328
6345
6400
6353
6403
6393
6391
6405
6330
6427
6337
6347
6423
6415
6319
6354
6362
6352
6371
6421
6428
6377
6368
6441
6381
6431
6394
6375
6390
6369
6402
6360
6407
6430
6358
6446
6449
6398
6382
6367
6455
6448
6396
6416
6413
6386
6462
6435
6451
6434
6458
6457
6432
6444
6468
6470
6412
6409
6454
6406
6464
6456
6385
6453
6389
6437
6419
6438
6440
6476
6488
6401
6475
6473
6425
6340
6418
6372
6404
6483
6410
6442
6399
6450
6472
6481
6424
6465
6479
6469
6397
6443
6436
6433
6429
6388
6445
6447
6491
6420
6510
6414
6484
6500
6495
6395
6356
6426
6486
6504
6496
6498
6503
6497
6439
6492
6518
6408
6378
6522
6519
6501
6471
6507
6422
6523
6532
6511
6494
6459
6512
6535
6509
6524
6533
6528
6531
6452
6534
6542
6553
6539
6538
6561
6541
6543
6550
6540
6474
6530
6554
6467
6466
6560
6537
6544
6527
6558
6461
6568
6463
6489
6460
6575
6582
6480
6556
6513
6520
6516
6493
6485
6573
6580
6517
6587
6570
6595
6583
6593
6581
5555
6514
6605
6589
6515
6482
6607
6567
6529
6598
6612
6601
6596
6502
6478
6521
6608
6564
6477
6578
6545
6548
6536
6499
6525
6487
6600
6505
6602
6617
6613
6621
6614
6625
6555
6626
6619
6508
6551
6563
6547
6618
6632
6629
6635
6506
6620
6630
6490
6634
6633
6562
6569
6576
6526
6655
6577
6559
6586
6549
6557
6645
6552
6566
6565
6641
6604
6584
6642
6649
6650
6574
6664
6651
6571
6672
6674
6662
6590
6592
6670
6679
6588
6594
6653
6678
6611
6671
6677
6615
6681
6682
6606
6579
6684
6683
6603
6689
6688
6572
6697
6585
6631
6692
6591
6705
6652
6660
6597
6691
6644
6622
6647
6661
6628
6639
6599
6609
6657
6638
6715
6707
6701
6713
6636
6610
6724
6623
6627
6643
6716
6646
6699
6640
6669
6675
6728
6667
6624
6659
6637
6616
6725
6687
6654
6739
6746
6665
6743
6737
6693
6726
6736
6658
6666
6648
6744
6685
6745
6752
6663
6750
6656
6749
6748
6710
6680
6773
6703
6676
6753
6760
6762
6772
6770
6668
6775
6722
6720
6761
6690
6696
6766
6768
6702
6756
6771
6785
6708
6694
6781
6698
6673
6782
6695
6767
6789
6742
6784
6779
6790
6718
6776
6721
6729
6786
6730
6793
6733
6706
6732
6711
6735
6805
6727
6700
6800
6765
6686
6731
6792
6814
6811
6714
6717
6802
6823
6801
6809
6738
6788
6712
6719
6819
6751
6807
6758
6824
6831
6816
6769
6817
6787
6734
6830
6723
6740
6818
6709
6747
6826
6813
6791
6836
6777
6778
6764
6755
6847
6783
6843
6839
6841
6806
6774
6846
6835
6851
6741
6795
6794
6879
6862
6856
6812
6864
6871
6759
6869
6796
6763
6804
6857
6799
6754
6873
6883
6797
6881
6859
6832
6757
6867
6780
6854
6870
6825
6837
6828
6821
6822
6861
6894
6833
6891
6860
6890
6815
6798
6888
6893
6834
6907
6889
6848
6838
6916
6913
6827
6840
6810
6885
6808
6911
6906
6919
6803
6875
6917
6845
6866
6842
6863
6844
6928
6918
6868
6880
6925
6933
6898
6852
6929
6940
6939
6896
6878
6886
6948
6884
6882
6945
6829
6937
6872
6934
6905
6865
6892
6850
6910
6909
6903
6895
6951
6950
6943
6908
6876
6953
6923
6897
6853
6920
6902
6899
6956
6960
6955
6849
6874
6820
6972
6932
6963
6957
6964
6959
6979
6935
6978
6936
6975
6855
6968
6980
6976
6988
6983
6990
6887
6914
6858
6992
6997
6993
6921
6931
6901
7004
6900
6904
7006
6930
7002
6912
6994
6927
7016
7008
6998
6877
6941
6954
6958
6944
7028
6952
7007
6926
7014
6966
7015
6924
7019
6967
7031
7022
6969
7025
7027
7000
6973
7026
6922
6970
6938
6974
6915
7039
7036
6977
7040
7033
6946
6985
6981
7029
6987
7054
6962
7021
6942
6961
7049
6949
7009
7017
7005
6986
6999
6947
7010
7056
6971
7071
7047
7034
7070
7050
7044
7065
7069
6984
7062
1171
7003
7075
7057
7074
7081
7023
7067
7053
7013
7020
7041
6995
6991
7080
6982
7077
7086
7101
7104
7012
7037
6965
7098
7105
7108
7085
7024
7102
7097
7064
7052
7099
7051
7107
7061
7060
7059
7109
7048
7116
7030
7117
7032
7063
7079
7096
7045
7132
7068
7018
7111
7113
7088
7128
7087
7082
7095
6989
7055
7114
7046
7035
7127
7115
7011
7149
7145
6996
7147
7136
7156
7066
7103
7089
7155
7129
7058
7152
7091
7038
7042
7072
7143
7073
7118
7083
7112
7092
7106
7100
7119
7172
7135
7126
7162
7174
7094
7043
7110
7179
7148
7178
7138
7090
7187
7093
7125
7133
7183
7142
7154
7078
7193
7121
7123
7140
7122
7159
7200
7084
7204
7189
7198
7130
7195
7120
7202
7161
7124
7137
7141
7146
7134
7199
5212
7209
7144
7206
7194
7164
7216
7214
7208
7215
7220
7186
7157
7170
7230
7227
7184
7181
7211
7225
7150
7188
7171
7158
7221
7224
7210
7243
7218
7237
7241
7139
7151
7180
7163
7232
7255
7166
7228
7201
7261
7248
7176
7175
7240
7246
7131
7169
7153
7258
7245
7263
7173
5249
7167
7259
7203
7269
7160
7247
7262
7168
7270
7244
7275
7182
7192
7229
7185
7190
7286
7264
7165
7288
7196
7197
7213
7212
7291
7219
7287
7231
7297
7205
7191
7254
7223
7277
7295
7276
7222
7302
7289
7306
7249
7317
7319
7300
7294
7279
7257
7320
7226
7239
7271
7207
7316
7313
7308
7298
7267
7324
7235
7238
7322
7272
7234
7328
7327
7326
7335
7338
7273
7252
7334
7236
7253
7266
7345
7284
7265
7336
7350
7348
7305
7274
7260
7349
7278
7283
7292
7343
7285
7250
7281
7256
7310
7314
7268
7330
7282
7365
7251
7361
7303
7315
7364
7359
7296
7233
7311
7331
7217
7339
7357
7329
7242
7301
7372
7293
7375
7290
7384
7368
7318
7385
7374
7378
7383
7358
7312
7341
7394
7396
7403
7393
7381
7371
7351
7387
7355
7407
7397
7401
7402
7405
7399
7406
7332
7299
7304
7352
7415
7325
7321
7280
7360
7337
7346
7366
7323
7398
7354
7353
7347
7356
7309
7307
7420
7342
7424
7344
7427
7414
7431
7412
7421
7410
7445
7413
7340
7333
7416
7417
7370
7363
7435
7449
7408
7369
7453
7367
7454
7423
7439
7440
7389
7451
7464
7457
7379
7373
7362
7442
7380
7376
7461
7443
7377
7476
7391
7459
7446
7475
7411
7418
7382
7386
7481
7392
7480
7463
7428
7466
7395
7409
7496
7390
7404
7483
7495
7465
7486
7388
7490
7458
7400
7492
7473
7455
7505
7422
7500
7494
7450
7497
7437
7447
7419
7507
7426
7510
7520
7429
7456
7470
7432
7452
7511
7518
7430
7519
7425
7532
7538
7438
7487
7444
7433
7528
7535
7522
7521
7506
7441
7448
7477
7529
7478
7460
7558
7550
7531
7543
7501
7544
7491
7555
7537
7515
7462
7474
7469
7513
7557
7548
7467
7530
7549
7499
7551
7434
7525
7493
7504
7565
7570
7566
7536
7560
7574
7488
7562
7516
7508
7482
7575
7533
7472
7503
7569
7576
7523
7587
7590
7526
7584
7485
7578
7468
7585
7471
7573
7593
7539
7527
7547
7436
7580
7479
7509
7484
7502
7524
7489
7583
7604
7595
7615
7540
7512
7606
7618
7609
7603
7514
7610
7623
7617
7602
7607
7605
7553
7498
7517
7545
7627
7611
7554
7608
7625
7582
7632
7567
7624
7637
7631
7546
7636
7626
7639
7541
7640
7572
7592
7643
7542
7556
7641
7646
7634
7630
7644
7534
7561
7662
7645
7659
7559
7648
7571
7581
7563
7653
7650
7568
7564
7658
7667
7552
7577
7665
7672
7599
7683
7675
7677
7669
7633
7652
7597
7670
7682
7614
7694
7600
7598
7696
7684
7591
7679
7656
7596
7686
7621
7619
7579
7681
7612
7663
7700
7620
7698
7651
7691
7704
7629
7613
7642
7709
7711
7616
7703
7695
7705
7594
7716
7728
7660
7724
7588
7725
7729
7702
7635
7674
7649
7655
7673
7647
7718
7689
7738
7668
7671
7666
7628
7657
7742
7661
7586
7734
7744
7749
7697
7752
7638
7743
7746
7687
7759
7664
7690
7741
7710
7680
7753
7688
7757
7712
7622
7601
7751
7707
7758
7715
7773
7678
7676
7768
7706
7654
7766
7775
7693
7721
7589
7761
7713
7714
7717
7699
7745
7737
7791
7765
7787
7793
7788
7731
7740
7692
7720
7756
7735
7762
7804
7796
7722
7781
7786
7719
7808
7806
7723
7701
7799
7815
7685
7798
7726
7813
7824
7814
7733
7820
7811
7795
7832
7792
7727
7750
7797
7785
7772
7823
7730
7800
7732
7708
7812
7764
7835
7739
7776
7794
7736
7827
7828
7747
7763
7771
7767
7748
7831
7837
7755
7851
7834
7833
7760
7779
7782
7840
7861
7865
7852
7777
7847
7754
7854
7853
7867
7774
7869
7859
7857
7783
7789
7858
7770
7871
7868
7855
7801
7879
7784
7874
7780
7878
7790
7870
7877
7809
7873
7866
7807
7864
7818
7884
7892
7841
7882
7838
7901
7893
7895
7899
7810
7906
7778
7897
7910
7907
7825
7819
7802
7803
7769
7842
7817
7904
7816
7836
7843
7849
7829
7908
7926
7822
7929
7821
7912
7826
7922
7863
7876
7930
7933
7924
7916
7844
7931
7937
7936
7875
7934
7888
7925
7919
7951
7830
7940
7949
7945
7839
7889
7872
7846
7960
7805
7955
7952
7883
7963
7902
7850
7890
7946
7950
7957
7966
7961
7848
7860
7964
7982
7980
7903
7885
7977
7911
7900
7972
7894
7880
7845
7981
7968
7970
7862
7891
7979
7886
7984
7914
7978
7918
7896
7923
7898
7956
8005
8000
7994
8004
8002
7856
8010
7953
8006
7959
7941
7974
7997
7921
7917
8012
7905
7948
7915
8003
7944
7935
7983
8024
7887
7927
8014
8015
7958
8027
8032
8019
7913
8023
8018
8029
7939
7971
7932
8021
7881
8028
7999
8037
7928
8036
8039
7969
7938
7942
7920
8043
7947
7967
7965
7954
7962
8042
7975
8055
7976
8050
8038
8048
7909
7987
8045
8009
7992
7973
8054
8052
8056
7989
8066
8059
8046
7996
7998
8016
8063
8076
8065
8008
8075
8011
8025
8057
8085
7993
7985
8020
8017
8094
8022
8073
8007
8083
8086
8013
7986
7991
7995
8097
8070
8078
8030
8026
8089
8100
8092
8001
8110
8093
7990
8112
8104
8098
8033
8067
7988
8084
8041
8040
8060
8035
8044
8034
8118
8079
8122
8120
8077
8135
8031
8125
8049
8136
8091
8130
8111
8068
8074
8123
8145
8053
8072
8058
8126
8101
8061
8095
8146
8081
8064
8103
8124
8071
8152
8051
8113
8047
8108
8109
8148
8082
8080
8069
8160
8156
8151
8099
8153
8105
8087
8107
8154
8062
8090
8157
8116
8133
8117
8121
8128
8106
8132
8165
8158
8175
8174
8159
8131
8149
8187
8115
8191
8127
8114
8134
8142
8171
8096
8176
8185
8088
8144
8102
8119
8202
8178
8163
8203
8204
8182
8198
8143
8199
8138
8193
8184
8190
8147
8181
8221
8162
8218
8161
8168
8137
8150
8196
8211
8206
8220
8140
8139
8215
8233
8129
8197
8155
8219
8237
8243
8239
8169
8170
8166
8201
8234
8186
8227
8223
8172
8167
8180
8251
8189
8200
8235
8192
8207
8255
8177
8213
8212
8244
8222
8230
8208
8267
8268
8217
8275
8264
8258
8141
8194
8183
8195
8229
8216
8188
8164
8214
8284
8225
8231
8205
8179
8296
8226
8210
8287
8292
8241
8209
8289
8224
8280
8173
8242
8248
8238
8250
8300
8301
8307
8312
8310
8245
8228
8262
8299
8232
8236
8293
8305
8246
8272
8277
8306
8317
8249
8279
8253
8254
8240
8270
8266
8261
8271
8247
8288
8326
8281
8322
8336
8325
8332
8335
8256
8257
8320
8333
8329
8252
8343
8319
8286
8346
8345
8316
8263
8338
8265
8260
8342
8365
8276
8274
8355
8352
8282
8348
8259
8302
8364
8366
8303
8294
8368
8315
8297
8269
8308
8309
8373
8298
8341
8375
8376
8362
8285
8360
8384
8359
8372
8370
8356
8339
8278
8358
8371
8283
8295
8313
8379
8388
8387
8291
8374
8340
8395
8318
8324
8389
8380
8321
8349
8334
8314
8403
8328
8411
8413
8400
8290
8344
8416
8398
8408
8420
8393
8412
8273
8337
8415
8323
8401
8386
8353
8369
8311
8304
8357
8423
8330
8347
8409
8331
8424
8327
8361
8385
8390
8428
8425
8437
8363
8439
8436
8432
8427
8382
8449
8377
8351
8381
8383
8397
8453
8402
8440
8458
8350
8450
8433
8367
8354
8455
8392
8454
8391
8457
8461
8429
8399
8378
8468
8405
8479
8410
8466
8463
8394
8426
8464
8471
8473
8431
8407
8459
8414
8484
8480
8396
8404
8481
8489
8488
8476
8434
8496
8421
8503
8465
8435
8495
8517
8492
8460
8500
8418
8499
8447
8422
8417
8511
8474
8485
8477
8487
8441
8504
8507
8513
8506
8443
8522
8519
8494
8518
8523
8521
8512
8490
8472
8514
8475
8446
8469
8456
8541
8467
8438
8486
8526
8552
8531
8553
8524
8535
8525
8530
8527
8478
8493
8548
8419
8452
8406
8448
8540
8554
8444
8544
8445
8562
8533
8442
8451
8528
8549
8508
8509
8551
8547
8583
8430
8575
8515
8536
8571
8491
8483
8557
8497
8563
8585
8516
8578
8573
8529
8538
8505
8482
8498
8462
8584
8501
8596
8581
8470
8603
8510
8612
8616
8570
8532
8502
8539
8598
8615
8572
8600
8605
8606
8576
8543
8560
8559
8587
8624
8566
8594
8565
8534
8618
8537
8582
8546
8623
8595
8617
8625
8630
8614
8542
8629
8632
8627
8637
8545
8644
8564
8550
8568
8556
8577
8555
8561
8586
8628
8590
8607
8589
8608
8580
8658
8579
8659
8634
8592
8567
8558
8604
8668
8662
8602
8574
8588
8664
8665
8569
8591
8613
8620
8650
8621
8652
8619
8681
8593
8648
8609
8657
8663
8611
8599
8670
8622
8695
8643
8645
8639
8646
8626
8696
8673
8601
8656
8638
8636
8631
8667
8690
8651
8701
8649
8694
8653
8654
8698
8610
8641
8715
8647
8717
8700
8669
8718
8640
8633
8666
8731
8736
8727
8711
8678
8661
8642
8672
8723
8676
8685
8705
8712
8660
8671
8703
8683
8674
8655
8682
8635
8677
8684
8691
8693
8744
8687
8679
8724
8716
8699
8747
8675
8742
8767
8748
8765
8706
8709
8739
8688
8740
8710
8680
8735
8741
8768
8689
8720
8697
8692
8773
8746
8738
8702
8776
8745
8752
8775
8707
8783
8721
8784
8729
8778
8749
8743
8757
8753
8769
8755
8686
8785
8756
8733
8708
8704
8713
8763
8792
8787
8790
8781
8770
8810
8807
8719
8804
8812
8714
8820
8730
8811
8759
8795
8732
8771
8777
8737
8750
8813
8722
8801
8819
8816
8794
8808
8832
8833
8726
8728
8834
8786
8837
8762
8796
8847
8789
8734
8751
8821
8725
8774
8854
8788
8800
8798
8802
8844
8859
8764
8766
8853
8803
8809
8780
8866
8840
8806
8758
8815
8846
8869
8805
8793
8797
8761
8782
8870
8772
8799
8791
8823
8825
8856
8826
8817
8818
8760
8867
8824
8814
8871
8863
8882
8838
8754
8852
8827
8779
8843
8828
8878
8836
8879
8848
8872
8858
8845
8839
8897
8849
8829
8841
8901
8842
8884
8880
8904
8868
8905
8892
8915
8890
8889
8908
8926
8888
8876
8930
8914
8932
8881
8855
8912
8822
8934
8920
8864
8873
8874
8935
8919
8939
8850
8830
8831
8835
8875
8877
8942
8851
8894
8909
8886
8857
8865
8898
8899
8927
8862
8956
8885
8891
8861
8955
8929
8913
8887
8954
8860
8941
8903
8910
8925
8883
8895
8933
8969
8972
8906
8952
8973
8961
8977
8907
8947
8979
8962
8922
8893
8896
8981
8993
8985
8957
8960
8931
8911
9000
8980
8965
8951
9005
8921
9012
8936
8987
8938
8988
8944
8984
8991
8923
8953
8992
8968
8958
8928
9009
9010
9007
9018
8924
8950
9004
9014
9026
8997
8966
8948
8990
8937
8978
8975
8967
8945
8976
8999
8918
9021
8943
9020
8940
9016
8994
9031
9038
9043
9042
8949
8970
8963
8974
8971
9048
9023
9047
8982
9001
8964
9050
8986
9022
8959
8946
8989
8916
9053
9013
8998
9034
8902
9055
9056
9064
9051
8917
8983
9066
9044
8995
9063
9058
9002
9073
8900
9060
9074
8996
9049
9019
9081
9087
9008
9015
9003
9092
9099
9093
9061
9082
9105
9071
9017
9039
9090
9033
9032
9011
9006
9027
9106
9109
9103
9029
9046
9036
9070
9078
9024
9122
9117
9095
9112
9037
9115
9079
9030
9059
9068
9076
9123
9119
9062
9041
9025
9128
9085
9075
9077
9127
9125
9083
9088
9130
9131
9100
9052
9080
9136
9140
9028
9137
9142
9147
9096
9149
9141
9150
9151
9101
9089
9102
9086
9057
9097
9114
9165
9162
9169
9160
9166
9145
9069
9040
9084
9065
9118
9158
9116
9045
9072
9054
9091
9177
9108
9067
9156
9181
9035
9173
9139
9180
9188
9179
9185
9129
9120
9094
9121
9192
9155
9111
9146
9143
9183
9171
9189
9190
9187
9167
9153
9168
9204
9175
9159
9161
9157
9098
9201
9196
9203
9107
9133
9198
9219
9213
9110
9214
9228
9170
9221
9124
9209
9229
9144
9132
9207
9200
9182
9227
9191
9176
9225
9233
9230
9126
9138
9222
9135
9237
9241
9113
9226
9202
9238
9178
9220
9205
9256
9195
9193
9243
9134
9206
9250
9154
9163
9211
9260
9217
9261
9245
9249
9148
9184
9104
9251
9164
9273
9199
9255
9257
9270
9266
9216
9275
9232
9197
9279
9247
9274
9248
9269
9286
9271
9172
9210
9282
9285
9212
9218
9283
9174
9292
9293
9307
9284
9194
9295
9267
9152
9302
9297
9301
9300
9309
9224
9231
9313
9215
9265
9298
9239
9304
9186
9317
9242
9234
9268
9252
9236
9244
9263
9319
9325
9322
9281
9333
9328
9291
9326
9223
9246
9290
9335
9258
9314
9264
9208
9331
9344
9254
9303
9235
9348
9278
9352
9353
9259
9272
9340
9276
9345
9287
9318
9358
9361
9308
9277
9364
9351
9294
9327
9299
9343
9288
9324
9315
9363
9320
9311
9280
9368
9289
9306
9342
9305
9366
9312
9360
9253
9336
9384
9240
9377
9262
9367
9310
9383
9330
9346
9323
9398
9394
9387
9402
9296
9365
9349
9397
9399
9395
9392
9389
9390
9381
9334
9412
9410
9386
9374
9316
9406
9359
9382
9356
9408
9338
9419
9329
9422
9417
9424
9416
9376
9426
9379
9375
9369
9405
9371
9357
9434
9378
9321
9441
9347
9332
9425
9437
9391
9431
9404
9339
9439
9341
9444
9400
9447
9430
9380
9420
9456
9355
9337
9401
9454
9411
9464
9362
9461
9388
9385
9413
9466
9428
9443
9436
9440
9480
9370
9470
9473
9446
9485
9479
9433
9432
9455
9477
9448
9453
9449
9418
9429
9467
9481
9459
9489
9488
9491
9450
9435
9438
9478
9504
9500
9509
9469
9501
9499
9512
9506
9463
9492
9502
9462
9511
9510
9498
9451
9517
9518
9523
9519
9505
9529
9442
9497
9487
9427
9520
9458
9484
9514
9495
9465
9486
9533
9534
9540
9393
9445
9421
9482
9471
9524
9543
9476
9508
9515
9548
9493
9542
9541
9457
9544
9452
9554
9475
9551
9468
9483
9460
9490
9546
9549
9496
9350
9556
9531
9521
9474
9562
9547
9561
9403
9373
9423
9567
9503
9552
9558
9507
9494
9407
9409
9585
9569
9571
9579
9573
9566
9354
9396
9522
9580
9539
9516
9372
9472
9564
9535
9536
9526
9587
9595
9593
9603
9513
9530
9414
9532
9538
9537
9601
9615
9609
9592
9550
9527
9557
9604
9605
9597
9553
9602
9563
9617
9583
9620
9565
9560
9614
9415
9630
9528
9636
9586
9574
9525
9618
9610
9625
9635
9627
9634
9611
9640
9582
9643
9576
9612
9590
9633
9650
9599
9616
9641
9659
9655
9568
9600
9632
9649
9613
9642
9648
9647
9555
9654
9594
9545
9607
9661
9667
9598
9624
9591
9646
9572
9581
9656
9669
9559
9663
9668
9660
9629
9570
9608
9679
9584
9577
9578
9678
9637
9675
9691
9685
9690
9638
9671
9684
9673
9639
9672
9699
9596
9588
9606
9657
9697
9575
9695
9619
9707
9692
9681
9622
9589
9689
9704
9677
9708
9703
9702
9714
9700
9715
9723
9645
9662
9651
9722
9709
9680
9693
9623
9621
9631
9653
9730
9626
9710
9729
9733
9686
9716
9728
9734
9628
9738
9725
9741
9652
9742
9694
9658
9670
9687
9711
9731
9664
9736
9739
9683
9674
9665
9754
9748
9696
9682
9666
9762
9747
9713
9644
9701
9720
9784
9719
9773
9721
9781
9769
9712
9676
9774
9746
9759
9761
9726
9785
9763
9779
9740
9772
9706
9753
9793
9755
9718
9770
9757
9745
9799
9688
9744
9800
9796
9803
9758
9807
9724
9786
9795
9792
9750
9735
9789
9760
9822
9820
9790
9812
9817
9827
9778
9705
9823
9765
9768
9766
9828
9805
9732
9776
9832
9752
9819
9737
9698
9751
9775
9717
9830
9764
9777
9841
9845
9782
9749
9806
9850
9743
9846
9853
9816
9838
9842
9727
9840
9860
9798
9835
9859
9847
9856
9815
9836
9848
9809
9808
9870
9854
9863
9865
9862
9821
9867
9881
9855
9871
9879
9804
9875
9756
9873
9837
9825
9884
9829
9888
9788
9890
9787
9767
9885
9811
9791
9843
9886
9893
9797
9810
9824
9896
9876
9801
9889
9868
9794
9902
9818
9826
9904
9802
9912
9833
9910
9813
9814
9831
9783
9852
9892
9771
9897
9914
9903
9780
9915
9851
9882
9883
9930
9925
9857
9906
9917
9872
9918
9909
9923
9866
9913
9919
9926
9934
9920
9921
9940
9929
9933
9944
9834
9936
9839
9849
9887
9957
9960
9894
9963
9941
9877
9942
9864
9932
9951
9878
9869
9907
9952
9954
9967
9958
9844
9858
9874
9880
9961
9968
9969
9981
9931
9956
9959
9945
9922
9908
9938
9900
9911
9899
9953
9994
9901
9898
9928
9861
9905
9891
9895
9971
9992
9997
9939
9927
9916
9993
10016
10010
9984
9955
10014
9983
9946
9990
9996
9979
9949
10019
9924
10026
10027
9970
10020
10009
10001
9987
9948
9965
9974
10038
10043
9935
10028
9943
10024
10039
10022
9982
9964
10048
10012
9950
9978
9985
9972
9966
10044
10034
9988
10025
9980
10049
10033
10037
10029
10057
9991
9977
10002
9999
10004
10059
10013
9973
9937
10041
10031
9975
10063
9962
10079
10065
9995
10000
10067
10074
10069
10076
10061
10017
10078
10085
10084
10068
10007
10093
10058
10087
9989
10088
9998
10081
10003
9986
10046
10095
10047
10023
10018
9947
10086
10077
9976
10006
10045
10030
10036
10021
10099
10011
10005
10097
10055
10035
10121
10040
10108
10127
10115
10113
10112
10102
10106
10066
10052
10123
10128
10032
10111
10110
10107
10136
10132
10015
10143
10042
10140
10122
10053
10054
10146
10051
10137
10142
10135
10083
10098
10072
10144
10090
10103
10100
10062
10162
10073
10104
10145
10080
10070
10160
10082
10050
10167
10165
10056
10163
10129
10169
10092
10060
10114
10133
10152
10117
10149
10064
10168
10071
10119
10187
10183
10118
10184
10178
10075
10154
10188
10150
10158
10189
10174
10089
10192
10185
10175
10194
10094
10096
10105
10120
10138
10116
10131
10205
10196
10139
10147
10091
10130
10134
10197
10204
10124
10151
10101
10172
10148
10211
10191
10153
10219
10181
10173
10141
10225
10164
10199
10216
10228
10233
10156
10230
10155
10237
10221
10235
10157
10243
10179
10244
10241
10170
10236
10232
10166
10177
10249
10234
10161
10159
10213
10248
10247
10250
10254
10245
10126
10246
10257
10259
10201
10258
10125
10206
10190
10182
10203
10255
10271
10186
10208
10180
10251
10210
10281
10242
10274
10264
10285
10176
10200
10215
10222
10238
10171
10286
10195
10209
10288
10217
10280
10276
10289
10279
10202
10283
10218
10260
10226
10295
10214
10277
10287
10193
10313
10207
10299
10265
10306
10305
10261
10263
10315
10310
10298
10316
10256
10231
10317
10220
10275
10224
10267
10300
10229
10292
10322
10312
10269
10324
10336
10338
10262
10239
10314
10325
10290
10335
10326
10320
10252
10311
10223
10309
10272
10340
10266
10278
10339
10341
10350
10307
10348
10347
10308
10353
10344
10354
10359
10296
10291
10358
10327
10268
10198
10270
10355
10343
10321
10253
10303
10294
10318
10373
10366
10284
10361
10227
10212
10240
10345
10370
10383
10376
10329
10304
10332
10387
10384
10301
10365
10333
10390
10334
10385
10331
10319
10330
10388
10399
10394
10374
10328
10282
10389
10293
10273
10337
10386
10369
10382
10396
10395
10342
10352
10414
10397
10413
10393
10407
10422
10371
10403
10401
10323
10427
10404
10391
10417
10428
10302
10405
10360
10421
10416
10419
10431
10436
10425
10349
10434
10351
10346
10448
10424
10377
10297
10442
10368
10445
10375
10444
10357
10457
10418
10367
10363
10450
10362
10364
10433
10381
10466
10379
10454
10435
10461
1601
10402
10460
10430
10437
10410
10380
10400
10412
10408
10411
10471
10429
10356
10470
10483
10473
10439
10409
10480
10406
10487
10497
10447
10378
10449
10440
10441
10392
10372
10476
10485
10496
10491
10464
10510
10474
10501
10423
10482
10472
10499
10467
10504
10506
10475
10468
10462
10438
10459
10500
10456
10463
10514
10451
10508
10420
10530
10513
10452
10432
10455
10526
10527
10398
10415
10443
10426
10515
10453
10536
10517
10518
10544
10488
10550
10519
10489
10446
10520
10534
10554
10503
10543
10505
10498
10481
10478
10531
10561
10545
10465
10540
10479
10486
10484
10509
10494
10533
10477
10566
10458
10548
10560
10556
10547
10568
10574
10582
10569
10555
10521
10507
10528
10493
10562
10564
10529
10573
10495
10598
10586
10492
10583
10490
10469
10591
10604
10557
10546
10605
10524
10539
10535
10542
10502
10525
10511
10595
10593
10522
10589
10523
10607
10571
10614
10592
10616
10512
10612
10538
10553
10588
10617
10579
10567
10596
10576
10608
10606
10597
10622
10620
10563
10516
10630
10615
10552
10628
10559
10577
10626
10565
10621
10572
10537
10532
10640
10637
10558
10645
10551
10647
10570
10541
10549
10642
10578
10658
10632
10639
10581
10580
10594
10663
10649
10611
10599
10584
10668
10590
10603
10655
10662
10657
10661
10670
10585
10602
10666
10575
10653
10673
10664
10679
10676
10587
10672
10601
10677
10681
10678
10692
10683
10698
10625
10609
10613
10619
10699
10694
10644
10631
10623
10691
10638
10633
10693
10706
10703
10695
10643
10634
10635
10654
10718
10721
10624
10674
10652
10660
10650
10651
10700
10709
10710
10659
10712
10711
10646
10705
10641
10720
10715
10675
10618
10722
10725
10656
10728
10648
10636
10740
10629
10667
10600
10741
10671
10735
10746
10748
10734
10669
10682
10680
10687
10627
10736
10685
10739
10749
10686
10610
10747
10702
10756
10743
10760
10729
10765
10772
10724
10707
10771
10688
10758
10780
10774
10779
10738
10764
10773
10761
10665
10690
10775
10785
10684
10790
10788
10789
10713
10762
10776
10737
10733
10750
10786
10763
10697
10701
10742
10730
10795
10798
10719
10689
10800
10744
10794
10812
10799
10804
10696
10727
10716
10745
10754
10796
10751
10732
10731
10723
10726
10810
10714
10826
10757
10824
10811
10704
10752
10759
10766
10820
10717
10843
10822
10837
10777
10816
10838
10850
10753
10791
10792
10832
10708
10848
10767
10839
10815
10851
10833
10755
10863
10840
10770
10853
10805
10782
10778
10817
10784
10809
10802
10857
10859
10864
10867
10818
10783
10769
10876
10793
10873
10865
10806
10787
10814
10882
10878
10883
10829
10845
10885
10879
10887
10881
10768
10830
10877
10842
10888
10893
10801
10890
10831
10803
10828
10808
10891
10901
10858
10841
10854
10886
10813
10913
10846
10807
10866
10849
10821
10872
10917
10903
10827
10921
10797
10836
10914
10904
10910
10819
10915
10907
10825
10926
10908
10823
10931
10920
10936
10862
10844
10923
10874
10892
10855
10835
10947
10912
10880
10938
10928
10868
10895
10940
10945
10953
10951
10946
10900
10861
10960
10963
10909
10869
10916
10897
10852
10964
10898
10894
10896
10950
10911
10902
10871
10966
10955
10957
10934
10965
10972
10875
10899
10889
10981
10927
10860
10976
10930
10856
10884
10937
10971
10952
10925
10978
10847
10969
10990
10939
10974
10995
10918
10905
10935
10922
10943
10932
10906
10870
10982
10980
11000
10919
10991
10959
10992
10994
10984
10929
10983
10970
10998
11009
10924
10942
11010
10979
11024
11012
10941
10987
10944
11028
11008
10961
10997
10956
10948
10933
11030
11020
11004
11021
11007
11034
11019
10975
10967
10954
10986
11022
11039
10958
11037
10989
11036
11017
11015
10962
11059
11023
11043
11055
11006
10949
11044
11018
11054
11050
11049
11060
11003
11002
11073
11074
11076
10973
11067
11066
11033
10977
10985
11064
10988
11084
11041
11016
11081
11013
11040
11077
11078
11025
11052
11091
11083
11011
11001
10993
11096
11092
11032
11093
11014
11005
10999
11089
11027
11088
11042
11029
11026
11105
11035
11031
11101
11045
11100
11053
11121
11113
11047
11120
11056
11058
11108
11128
11046
11118
11109
11110
11126
11132
11137
11119
11142
11134
11144
11070
11111
11038
11138
11140
11135
11143
11145
11131
11148
11065
11154
11087
11086
11085
11104
11097
11061
11063
11062
11155
11069
11048
11152
11072
11150
11149
11156
11098
11094
10996
11095
11080
11159
11068
11102
11051
11090
11166
11162
11079
11071
11106
11163
11173
11130
11136
11165
11115
11107
11057
11161
11167
11125
11124
11114
11168
11122
11170
11075
11127
11103
11181
11191
11116
11186
11175
11169
11158
11200
11188
11179
11099
11112
11197
11198
11190
11194
11203
11193
11196
11117
11192
11219
11218
11153
11220
11217
11201
11141
11082
11146
11210
11207
11139
11221
11129
11231
11215
11209
11133
11223
11230
11184
11238
11172
11228
11164
11234
11187
11171
11235
11178
11227
11147
11189
11239
11185
11222
11182
11177
11262
11261
11256
11199
11255
11264
11123
11263
11157
11174
11205
11211
11204
11268
11269
11206
11272
11270
11226
11275
11195
11216
11274
11237
11233
11232
11151
11208
11245
11285
11281
11289
11180
11284
11252
11176
11279
11283
11240
11291
11307
11246
11213
11295
11308
11250
11202
11301
11309
11278
11160
11311
11306
11296
11229
11302
11183
11249
11286
11212
11225
11241
11280
11243
11318
11259
11248
11317
11236
11214
11242
11247
11316
11258
11319
11244
11276
11253
11257
11338
11287
11325
11329
11273
11292
11254
11332
11277
11336
11282
11331
11271
11224
11267
11260
11339
11251
11347
11351
11358
11265
11354
11341
11356
11365
11266
10781
11357
11305
11297
11355
11312
11360
11366
11299
11288
11374
11303
11294
11315
11350
11369
11377
11382
11385
11389
11330
11378
11321
11328
11327
11337
11323
11393
11386
11391
11387
11335
11322
11396
11324
11293
11326
11334
11320
11313
11342
11359
11345
11310
11314
11290
11298
11394
11398
11400
11300
11340
11304
11404
11399
11352
11370
11348
11411
11412
11424
11425
11333
11420
11414
11372
11380
11435
11429
11413
11437
11434
11419
11363
11361
11364
11343
11349
11371
11368
11423
11426
11428
11416
11375
11421
11417
11440
11432
11446
11362
11353
11442
11438
11430
11455
11390
11376
11447
11439
11397
11383
11460
11367
11344
11469
11466
11468
11464
11451
11471
11467
11473
11472
11403
11450
11449
11408
11346
11409
11401
11381
11462
11486
11410
11406
11479
11373
11415
11379
11405
11388
11483
11384
11494
11422
11499
11480
11490
11395
11495
11487
11496
11488
11452
11501
11504
11505
11497
11427
11463
11457
11506
11524
11465
11476
11454
11444
11456
11459
11436
11445
11514
11515
11392
11418
11518
11402
11407
11441
11481
11528
11521
11522
11534
11461
11431
11531
11530
11529
11540
11433
11526
11470
11443
11516
11477
11533
11545
11509
11552
11474
11547
11448
10008
11489
11453
11458
11475
11538
11558
11549
11539
11554
11498
11543
11557
11485
11560
11569
11572
11478
11563
11491
11582
11586
11555
11510
11564
11585
11519
11502
11579
11507
11577
11589
11503
11590
11581
11508
11570
11568
11482
11588
11520
11500
11512
11595
11583
11511
11600
11493
11573
11587
11593
11492
11562
11513
11523
11537
11484
11612
11527
11592
11532
11605
11620
11517
11611
11597
11559
11541
11602
11551
11556
11567
11566
11614
11575
11542
11536
11525
11548
11607
11613
11621
11627
11591
11630
11636
11638
11624
11617
11544
11546
11641
11625
11565
11578
11642
11622
11535
11550
11628
11615
11643
11574
11646
11584
11660
11656
11647
11571
11580
11553
11668
11667
11598
11659
11674
11633
11679
11675
11669
11670
11678
11596
11609
11561
11610
11676
11681
11601
11599
11616
11685
11689
11603
11604
11677
11606
11594
11648
11629
11618
11652
11608
11619
11640
11698
11576
11696
11703
11626
11632
11635
11690
11710
11687
11702
11714
11634
11691
11708
11721
11645
11717
11658
11644
11655
11724
11623
11697
10968
11718
11704
11639
11654
11722
11727
11726
11650
11653
11666
11673
11719
11686
11735
11725
11742
11651
11664
11750
11736
11695
11700
11661
11741
11701
11692
11740
11712
11709
11739
11756
11707
11671
11755
11688
11737
11713
11662
11761
11747
11680
11672
11759
11665
11745
11766
11684
11754
11763
11772
11782
11764
11778
11716
11783
11649
11693
11706
11663
11699
11715
11762
11720
11734
11771
11770
11705
11776
11744
11777
11780
11683
11794
11774
11694
11804
11657
11800
11773
11807
11730
11729
11806
11738
11797
11786
11799
11789
11785
11816
11767
11810
11795
11723
11733
11809
11801
11631
11731
11787
11758
11805
11788
11637
11802
11820
11711
11817
11827
11746
11752
11749
11824
11765
11837
11825
11832
11829
11784
11781
11753
11828
11831
11822
11819
11847
11836
11728
11845
11830
11857
11861
11834
11856
11842
11808
11812
11840
11757
11775
11843
11841
11849
11803
11866
11855
11848
11851
11779
11790
11863
11818
11796
11821
11813
11743
11798
11751
11871
11792
11814
11869
11838
11826
11864
11768
11846
11793
11875
11791
11887
11881
11882
11850
11891
11877
11835
11872
11889
11833
11815
11894
11883
11901
11903
11682
11913
11908
11811
11852
11879
11886
11844
11862
11906
11870
11860
11919
11915
11911
11909
11893
11854
11917
11878
11888
11898
11853
11897
11910
11769
11905
11927
11912
11732
11922
11839
11873
11865
11940
11937
11823
11923
11859
11931
11868
11896
11760
11874
11932
11933
11946
11929
11895
11936
11858
11902
11951
11892
11947
11948
11955
11938
11748
11934
11945
11949
11942
11876
11867
11958
11960
11952
11957
11885
11965
11943
11978
11944
11880
11899
11981
11961
11980
11968
11963
11979
11994
11985
11900
11993
11918
11992
11924
11914
11973
11925
11995
11884
11972
11907
11997
11904
11971
12010
12001
10109
11976
11987
12012
11926
12015
11982
12009
12014
12003
11890
11928
11974
12005
12017
11939
11935
12000
12021
11921
12036
12035
12019
11962
11920
12027
12024
12042
11941
11953
12013
11959
12022
12043
12039
11966
12038
12046
12037
12047
11950
11916
11954
11991
12056
11930
11989
12063
11956
12059
12064
11975
11990
12055
11964
12049
12002
12057
12060
12077
12073
12076
12026
12075
12006
11969
12007
11967
12078
12020
12086
12028
12011
12069
12025
12033
12016
12079
12031
11970
12071
12089
12008
11998
11984
11983
11977
12096
11988
12095
12054
12029
12004
12084
12108
11999
12018
12102
12032
12099
12050
12030
12098
11986
12023
11996
12040
12052
12112
12034
12119
12106
12044
12067
12068
12083
12065
12127
12137
12133
12074
12113
12072
12081
12138
12051
12045
12135
12132
12080
12124
12142
12082
12123
12129
12120
12048
12041
12136
12085
12146
12141
12053
12066
12116
12087
12148
12152
12058
12153
12061
12118
12164
12070
12101
12157
12062
12139
12134
12162
12115
12178
12158
12173
12105
12114
12097
12182
12088
12165
12092
12100
12187
12155
12183
12093
12090
12104
12103
12117
12169
12190
12111
12196
12107
12109
12128
12122
12145
12197
12125
12198
12131
12206
12091
12149
12212
12140
12207
12209
12156
12094
12161
12210
12200
12219
12221
12217
12154
12202
12226
12143
12218
12150
12214
12191
12177
12126
12208
12130
12216
12227
12224
12211
12110
12223
12181
12174
12236
12151
12213
12201
12175
12254
12230
12160
12147
12238
12253
12234
12203
12240
12235
12247
12250
12171
12246
12166
12264
12168
12248
12259
12188
12192
12231
12193
12144
12163
12222
12266
12233
12225
12263
12172
12180
12205
12195
12159
12186
12179
12258
12170
12249
12185
12274
12275
12232
12280
12261
12284
12288
12184
12204
12285
12194
12286
12268
12272
12278
12273
12176
12243
12242
12269
12199
12239
12300
12294
12189
12229
12316
12308
12291
12297
12319
12309
12244
12245
12167
12215
12326
12327
12317
12333
12256
12305
12252
12220
12228
12325
12337
12328
12237
12262
12257
12329
12270
12324
12335
12307
12241
12267
12306
12343
12255
12352
12331
12282
12338
12344
12271
12339
12277
12334
12251
12310
12345
12341
12295
12314
12357
12354
12260
12364
12360
12355
12349
12371
12290
12361
12298
12340
12312
12330
12374
12373
12367
12365
12313
12283
12370
12276
12372
12376
12381
12304
12292
12303
12279
12302
12391
12388
12392
12301
12318
12320
12289
12315
12322
12299
12382
12363
12296
12402
12401
12397
12377
12281
12394
12385
12398
12412
12332
12406
12414
12399
12323
12356
12346
12347
12413
12348
12410
12416
12353
12409
12415
12407
12428
12427
12321
12419
12437
12368
12422
12430
12417
12431
12432
12342
12350
12265
12449
12351
12443
12452
12451
12439
12366
12336
12459
12436
12445
12433
12453
12375
12378
12454
12446
12462
12311
12404
12362
12456
12369
12465
12464
12424
12466
12386
12400
12471
12455
12467
12384
12463
12408
12387
12358
12389
12423
12420
12359
12482
12293
12485
12390
12488
12393
12490
12484
12477
12380
12396
12469
12426
12475
12479
12501
12421
12411
12395
12405
12478
12504
12489
12499
12442
12447
12434
12429
12498
12480
12441
12493
12497
12440
12506
12515
12500
12492
12383
12448
12508
12425
12457
12403
12516
12438
5983
12418
12523
12531
12468
12536
12517
12526
12444
12540
12450
12525
12533
12547
12529
12535
12509
12491
12460
12461
12537
12549
12550
12544
12556
12562
12510
12507
12552
12476
12458
12519
12554
12558
12565
12563
12503
12505
12512
12518
12502
12470
12473
12483
12514
12513
12560
12496
12572
12472
12578
12474
12495
12494
12486
12571
12538
12522
12487
12481
12569
12532
12543
12541
12521
12587
12534
12583
12593
12528
12602
12546
12604
12592
12555
12527
12585
12589
12577
12542
12605
12511
12607
12580
12594
12599
12561
12539
12576
12588
12603
12524
12600
12616
12559
12520
12530
12621
12611
12626
12545
12634
12635
12573
12553
12548
12643
12551
12579
12641
12566
12633
12642
12582
12617
12645
12597
12618
12596
12568
12557
12564
12567
12657
12601
12581
12570
12574
12644
12631
12619
12661
12595
12660
12590
12659
12622
12613
12663
12591
12672
12614
12662
12575
12669
12637
12609
12679
12667
12666
12682
12584
12612
12638
10834
12586
12670
12632
12615
12676
12678
12624
12688
12630
12687
12681
12652
12680
12696
12608
12691
12655
12689
12700
12703
12598
12702
12628
12636
12695
12627
12699
12629
12623
12671
12620
12647
12715
12716
12677
12651
12664
12610
12653
12650
12717
12625
12658
12725
12639
12674
12729
12668
12656
12648
12730
12646
12640
12684
12697
12685
12740
12738
12731
12654
12748
12743
12742
12673
12665
12711
12745
12749
12649
12683
12754
12752
12606
12751
12698
12693
12762
12686
12760
12735
12707
12755
12675
12694
12769
12704
12770
12768
12709
12771
12713
12765
12763
12779
12766
12772
12701
12778
12741
12783
12737
12753
12744
12739
12790
12781
12785
12777
12787
12712
12706
12690
12723
12718
12692
12736
12733
12724
12797
12722
12756
12796
12789
12720
12710
12734
12705
12803
12793
12791
12708
12815
12726
12721
12747
12727
12813
12794
12805
12792
12732
12719
12827
12758
12830
12806
12817
12728
12776
12834
12820
12822
12812
12714
12826
12828
12767
12839
12847
12750
12746
12761
12837
12844
12774
12829
12849
12843
12851
12775
12764
12757
12850
12857
12853
12773
12858
12759
12868
12870
12786
12795
12866
12863
12819
12784
12876
12818
12879
12782
12872
12801
12881
12814
12821
12845
12836
12800
12869
12808
12809
12802
12811
12878
12798
12816
12885
12804
12891
12788
12823
12835
12807
12810
12780
12862
12901
12882
12871
12799
12825
12861
12907
12831
12824
12897
12859
12909
12867
12840
12865
12833
12877
12846
12915
12892
12856
12899
12919
12874
12880
12922
12917
12852
12890
12838
12842
12855
12923
12854
12921
12913
12927
12832
12841
12928
12935
12938
12848
12945
12930
12949
12953
12889
12937
12933
12950
12864
12902
12956
12908
12906
12962
12914
12905
12910
12860
12961
12875
12911
12883
12896
12954
12932
12886
12963
12973
12893
12944
12926
12887
12978
12981
12916
12898
12929
12924
12964
12974
12900
12925
12984
12972
12873
12989
12971
12943
12992
12894
12904
12952
12888
12912
12946
12895
12987
12934
12920
12998
12951
12983
12940
12996
12982
12994
12903
13003
12957
13006
12988
12936
12979
13001
12997
12939
12948
13000
12958
13013
12942
12941
12967
13002
13010
13012
13026
13030
12947
12960
13028
13015
12995
12955
13017
13036
12965
13031
13032
13042
13040
13039
13008
12986
13046
13020
13007
12968
13005
13049
13055
13043
13037
13021
13018
12959
13047
13050
13056
12931
13057
13004
12991
12980
13067
12977
13058
13052
13065
12970
12975
13073
12976
13063
13014
13079
12990
13076
13077
13025
13059
13069
13075
13051
13083
13048
12985
12969
13084
13011
12993
13024
13093
13009
13082
13094
13045
13095
13089
13102
13086
13103
13106
13099
13019
13096
12999
12966
13053
13054
13104
13107
13041
13105
12918
13100
13023
13116
13072
13071
13127
13129
13108
13016
13081
13126
13134
13124
13112
13120
13130
13131
13022
13064
13070
13033
13091
13062
13090
13080
13139
13085
13066
13121
13136
13027
13125
13150
13138
13133
13141
13034
13147
13098
13113
13101
13088
13148
13111
13160
13117
13087
13165
13157
13074
13162
13144
13155
13092
13166
13038
13110
13029
13035
13183
13060
13123
13078
13119
13169
13168
13184
13161
13132
13097
13170
13044
13180
13140
13178
13145
13061
13185
13181
13189
13142
13149
13115
13192
13206
13190
13191
13202
13135
13196
13210
13109
13198
13118
13207
13143
13114
13201
13167
13153
13164
13122
13188
13220
13177
13151
13221
13146
13173
13174
13182
13176
13163
13158
13222
12884
13219
13187
13225
13232
13217
13128
13204
13159
13175
13172
13227
13233
13211
13240
13238
13224
13193
13208
13156
13231
13186
13179
13154
13194
13203
13152
13253
13242
13197
13258
13195
13228
13236
13249
13200
13243
13171
13257
13263
13241
13267
13250
13266
13199
13254
13248
13276
13245
13280
13278
13209
13260
13275
13229
13226
13273
13281
13269
13205
13223
13212
13292
13286
13259
13218
13274
13214
13213
13291
13279
13215
13300
13299
13303
13235
13293
13288
13216
13271
13239
13284
13301
13137
13277
13252
13305
13311
13306
13310
13230
13295
13247
13324
13309
13327
13262
13246
13265
13261
13255
13237
13323
13328
13334
13268
13270
13272
13282
13297
13289
13344
13285
13251
13345
13346
13333
13355
13296
13354
13244
13234
13325
13287
13307
13316
13256
13348
13351
13312
13350
13264
13337
13318
13363
13290
13302
13304
13357
13320
13378
13365
13368
13317
13353
13375
13319
13331
13367
13360
13321
13386
13330
13379
13314
13366
13383
13313
13329
13298
13389
13294
13384
13377
13359
13380
13340
13315
13349
13399
13374
13283
13352
13403
13398
13391
13402
13396
13336
13413
13397
13341
13335
13401
13408
13343
13393
13332
13416
13395
13370
13428
13420
13410
13418
13356
13405
13308
13326
13417
13421
13358
13423
13361
13322
13431
13400
13426
13364
13371
13415
13419
13430
13422
13441
13433
13338
13435
13394
13339
13385
13437
13444
13429
13443
13455
13427
13382
13453
13392
13442
13390
13447
13373
13347
13457
13362
13472
13407
13452
13388
13461
13342
13448
13475
13464
13456
13369
13436
13404
13483
13460
13465
13411
13381
13376
13481
13484
13434
13473
13439
13406
13493
13471
13470
13440
13458
13489
13490
13505
13486
13501
13372
13497
13498
13504
13451
13496
13467
13438
13506
13515
13468
13488
13523
13510
13463
13495
13478
13387
13522
13524
13412
13520
13521
13414
13482
13518
13519
13517
13527
13541
13476
13469
13538
13511
13466
13537
13479
13503
13459
13509
13477
13502
13539
13528
7943
13530
13424
13547
13487
13450
13545
13449
13543
13432
13548
13542
13409
13535
13533
13531
13569
13446
13525
13563
13567
13445
13553
13564
13560
13554
13474
13573
13454
13544
13462
13513
13579
13485
13559
13589
13516
13577
13574
13500
13590
13492
13514
13581
13597
13512
13499
13575
13507
13508
13536
13598
13586
13592
13591
13480
13600
13494
13568
13611
13608
13593
13595
13603
13605
13607
13602
13551
13621
13425
13604
13587
13534
13549
13552
13540
13561
13491
13550
13557
13558
13570
13629
13619
13555
13526
13627
13626
13562
13583
13637
13594
13582
13625
13556
13645
13565
13642
13635
13532
13617
13643
13580
13636
13624
13588
13566
13599
13644
13649
13657
13576
13660
13585
13596
13646
13578
13656
13584
13663
13674
13651
13669
13606
13648
13664
13666
13620
13678
13680
13673
13652
13679
13668
13630
13612
13691
13675
13572
13689
13687
13692
13632
13618
13696
13667
13609
13634
13676
13662
13659
13681
13700
13631
13614
13615
13714
13706
13628
13707
13708
13710
13616
13641
13613
13655
13622
13639
13640
13665
13718
13653
13638
13623
13546
13704
13715
13730
13731
13571
13670
13716
13728
13601
13672
13671
13723
13738
13734
13661
13654
13724
13658
13740
13650
13685
13694
13683
13703
13610
13741
13677
13633
13749
13737
13747
13750
13751
13690
13735
13682
13529
13762
13742
13758
13695
13693
13727
13711
13699
13698
13745
13713
13686
13753
13759
13733
13722
13684
13709
13721
13748
13717
13701
13712
13736
13697
13732
13705
13764
13719
13760
13688
13793
13792
13784
13778
13787
13771
13790
13755
13761
13781
13770
13768
13726
13789
13739
13779
13800
13801
13809
13744
13702
13796
13806
13752
13818
13769
13773
13729
13813
13814
13763
13798
13746
13820
13811
13780
13831
13785
13777
13754
13810
13827
13720
13743
13765
13766
13757
13725
13835
13826
13837
13772
13774
13834
13847
13791
13833
13852
13855
13849
13782
13858
13756
13767
13859
13807
13802
13863
13823
13844
13840
13788
13783
13786
13825
13822
13795
13856
13870
13776
13816
13805
13869
13862
13881
13808
13775
13880
13797
13804
13817
13884
13857
13854
13845
13803
13819
13815
13794
13877
13846
13888
13829
13893
13883
13832
13891
13897
13895
13892
13821
13812
13824
13838
13911
13899
13836
13898
13853
13912
13905
13896
13901
13839
13867
13848
13890
13851
13906
13830
13885
13921
13861
13920
13915
13916
13914
13913
13878
13919
13799
13864
13874
13882
13873
13924
13875
13926
13866
13922
13929
13828
13842
13934
13907
13843
13946
13879
13886
13948
13940
13951
13949
13939
13923
13935
13872
13928
13954
13952
13932
13957
13944
13943
13950
13931
13868
13841
13860
13966
13975
13945
13971
13865
13887
13963
13962
13947
13965
13955
13876
13850
13889
13908
13871
13974
13985
13984
13972
13988
13980
13981
13900
13904
13989
13903
13933
13917
13909
13986
13918
13992
13960
13995
13953
14005
14003
13956
13968
13959
13925
14014
14011
14017
14010
13902
13958
13969
13894
13927
13938
14023
14029
13930
14026
13990
13964
14033
14022
13967
14024
14034
13937
13910
13976
14039
14031
13994
14002
13982
13941
13942
13936
13977
14021
14001
13997
14060
14043
14041
14015
14058
14051
14000
14055
14007
13991
13973
14063
14016
14047
14056
14019
14025
14013
14038
14059
13999
13987
14018
14048
14004
14053
13983
14008
14072
14027
14061
14009
14012
13970
13996
14068
14070
14037
14078
14073
14090
14084
14069
14080
14094
14081
14071
14077
14099
14057
14105
14098
14030
14100
14052
14106
14044
13998
14028
13978
14101
14083
14036
14045
13961
14111
13993
14113
14054
14020
14006
14120
13979
14064
14049
14085
14104
14065
14040
14114
14122
14076
14050
14102
14042
14124
14082
14089
14035
14121
14137
14125
14132
14149
14096
14074
14129
14136
14088
14095
14075
14097
14147
14142
14109
14138
14143
14103
14066
14079
14046
14133
14032
14135
14150
14139
14158
14062
14161
14156
14092
14112
14153
14159
14117
14116
14170
14162
14123
14093
14108
14091
14067
14168
14185
14175
14107
14086
14128
14180
14165
14110
14127
14187
14193
13068
14190
14146
14141
14181
14192
14186
14189
14144
14188
14174
14203
14191
14151
14131
14202
14178
14145
14119
14197
14204
14196
14130
14211
14199
14148
14152
14115
14118
14134
14218
14209
14225
14223
14166
14176
14164
14208
14215
14212
14207
14232
14231
12287
12379
14227
14220
14242
14179
14177
14226
14167
14248
14173
14171
14140
14169
14245
14126
14236
14260
14155
14258
14200
14238
14240
14239
14183
14213
14222
14219
14206
14205
14160
14198
14182
14272
14154
14253
14221
14261
14271
14214
14172
14216
14269
14163
14276
14201
14224
14268
14275
14217
14289
14273
14266
14288
14157
14283
14184
14282
14277
14281
14296
14286
14241
14290
14303
14305
14210
14292
14230
14235
14228
14304
14310
14237
14309
14195
14299
14308
14317
14259
14234
14314
14194
14249
14318
14252
14251
14316
14298
14262
14250
14247
14313
14291
14246
14244
14324
14326
14297
14256
14329
14284
14334
14321
14263
14335
14333
14328
14353
14351
14274
14293
14355
14341
14339
14347
14348
14354
14294
14360
14285
14265
14331
14312
14356
14357
14270
14364
14300
14343
14322
14346
14371
14302
14257
14279
14264
14295
14373
14369
14374
14382
14376
14375
14340
14323
14332
14280
14384
14306
14319
14378
14377
14311
14388
14307
14287
14386
14399
14278
14403
14390
14385
14336
14402
14379
14243
14398
14396
14393
14362
14301
14391
14327
14342
14400
14350
14344
14408
14315
14365
14338
14424
14325
14254
14416
14359
14421
14428
14433
14427
14418
14372
14435
14432
14330
14255
14430
14358
14437
14352
14440
14366
14419
14361
14439
14267
14449
14345
14392
14233
14349
14453
14320
14389
14367
14404
14381
14363
14441
14454
14337
14410
14406
14465
14457
14451
14468
14415
14414
14420
14412
14395
14425
14413
14476
14447
14481
14368
14482
14477
14473
14478
14475
14426
14380
14487
14480
14407
14401
14417
14409
14370
14429
14474
14411
14485
14489
14431
14434
14397
14446
14488
14496
14423
14499
14422
14494
14387
14464
14497
14443
14500
14501
14514
14450
14515
14383
14463
14495
14436
14405
14444
14519
14448
14455
14394
14442
14507
14509
14518
14503
14466
14467
14460
14523
14513
14461
14530
14524
14438
14527
14525
14471
14535
14532
14537
14541
14544
14445
14470
14542
14536
14484
14546
14560
14549
14559
14553
14459
14458
14505
14508
14563
14479
14550
14557
14452
14472
14469
14554
14580
14575
14568
14576
14498
14578
14573
14572
14492
14520
14561
14486
14584
14493
14516
14483
14534
14555
14540
14512
14579
14510
14491
14502
14592
14582
14595
14593
14585
14601
14597
14598
14521
14511
14504
14543
14558
14608
14506
14602
14522
14571
14490
14565
14528
14596
14567
14556
14600
14539
14599
14564
14548
14531
14611
14614
14619
14620
14529
14517
14627
14626
14615
14538
14633
14634
14629
14635
14621
14533
14640
14647
14588
14526
14581
14577
14552
14551
14547
14587
14653
14636
14591
14583
14656
14655
14569
14628
14662
14658
14649
14545
14648
14610
14624
14657
14622
14586
14589
14562
14675
14607
14669
14617
14672
14671
14594
14632
14618
14623
14673
14676
14612
14603
14688
14680
14681
14570
14606
14689
14566
14674
14682
14670
14590
14643
14696
14630
14625
14677
14616
14692
14694
14613
14697
14700
14605
14604
14703
14631
14698
14644
14702
14641
14710
14715
14718
14637
14651
14719
14574
14645
14726
14713
14712
14725
14638
14711
14646
14654
14639
14723
14717
14667
14729
14684
14642
14730
14724
14659
14609
14650
14666
14652
14744
14661
14663
14678
14664
14736
14732
14668
14686
14735
14748
14754
14660
14699
14693
14740
14750
14752
14695
14687
14757
14738
14708
14760
14756
14767
14679
14764
14690
14709
14762
14774
14691
14707
14746
14776
14779
14787
14771
14790
14784
14716
14728
14705
14731
14792
14745
14683
14714
14704
14737
14755
14795
14788
14783
14794
14733
14706
14749
14791
14727
14777
14763
14765
14753
14804
14722
14741
14803
14665
14770
14815
14802
14758
14808
14721
14800
14751
14685
14766
14743
14816
14825
14820
14810
14824
14799
14821
14780
14814
14809
14819
14778
14772
14830
14734
14773
14818
14701
14822
14833
14793
14769
14739
14841
14782
14832
14759
14838
14781
14742
14827
14786
14785
14747
14768
14837
14798
14849
2927
14866
14775
14869
14865
14850
14720
14859
14823
14797
14852
14828
14862
14817
14835
14874
14761
14876
14873
14789
14863
14829
14875
14881
14870
14813
14807
14890
14229
14858
14877
14878
14891
14796
14872
14885
14883
14842
14855
14860
14811
14882
14854
14896
14897
14887
14899
14893
14831
14812
14902
14801
14895
14908
14900
14911
14856
14868
14918
14910
14898
14923
14921
14909
14805
14914
14926
14906
14905
14839
14834
14840
14920
14894
14851
14913
14922
14928
14929
14916
14931
14864
14836
14943
14919
14847
14940
14933
14806
14846
14942
14944
14947
14953
14886
14844
14826
14892
14955
14952
14867
14938
14956
14954
14889
14903
14853
14901
14848
14966
14927
14959
14912
14969
14935
14948
14970
14963
14967
14976
14957
14972
14934
14978
14980
14930
14907
14984
14968
14936
14871
14993
14979
14987
14986
14960
14857
14845
14879
14917
14937
14982
14985
14965
14995
14925
14915
14958
14977
14962
14880
14996
14843
14961
15008
14924
14946
14884
14932
15005
15013
15000
14939
14888
14941
14951
15021
15015
15003
14973
14945
15026
15007
15012
15029
15031
15006
14998
15027
15022
15024
15028
15048
15019
15018
15032
14981
14988
15051
15004
15030
15045
15010
15044
15040
15060
14971
14989
14974
15053
15025
15047
15056
14904
14983
15049
14992
14949
15037
15067
15054
15065
15009
15069
15046
14950
15061
15079
15066
14964
14997
15020
14990
15072
15070
15068
14994
15087
14999
15081
15038
15089
15052
15075
15093
15084
14991
15076
15086
15014
15107
15034
15099
15103
15017
15057
15088
15043
15002
15098
15094
15001
15033
15016
15110
15112
15109
15062
15105
15117
15120
15113
15035
15119
15058
14975
15118
15114
15042
15129
15011
15121
15116
15023
15041
15124
15135
15127
15085
15128
15059
15131
15132
15096
15036
15147
15055
15063
15149
15136
15141
15150
15039
15143
15138
15126
15050
15071
15137
15148
15145
15073
15159
15140
15142
15102
15151
15077
15101
15090
15083
15104
15064
15156
15078
15160
15144
15082
15100
15092
15152
15174
15154
15074
15080
15091
15170
15186
15157
15115
15095
15167
15165
15182
13647
15190
15196
15173
15125
15163
15097
15192
15177
15106
15171
15111
15164
15183
15175
15202
15203
15185
15198
15210
15169
15212
15180
15134
15178
15200
15161
15162
15130
15206
15123
15208
15217
15153
15229
15184
15108
15221
15230
15214
15158
15181
15176
15122
15193
15246
15179
15139
15204
15244
15146
15191
15205
15241
15224
15187
15247
15248
15249
15155
15225
15234
15195
15207
15168
15219
15258
15215
15194
15231
15209
15242
15213
15250
15262
15253
15263
15252
15172
15256
15197
15271
15265
15166
15220
15273
15259
15189
15232
15272
15223
15268
15211
15236
15266
15201
15216
15199
15133
15289
15278
15218
15270
15233
15290
15292
15279
15288
15275
15245
15222
15226
15295
15293
15235
15238
15311
15243
15315
15237
15301
15302
15240
15227
15239
15296
15317
15309
15310
15322
15228
15321
15330
15304
15328
15320
15307
15327
15188
15286
15325
15282
15308
15264
15323
15334
15314
15318
15285
15332
15257
15340
15260
15306
15277
15269
15342
15335
15294
15284
15344
15362
15345
15358
15354
15274
15299
15350
15361
15355
15298
15261
15351
15353
15276
15305
15254
15356
15255
15371
15267
15283
15370
15364
15297
15280
15291
15382
15357
15372
15349
15287
15316
15319
15312
15380
15300
15303
15381
15393
15383
15337
15394
15379
15376
15324
15388
15387
15375
15281
15343
15401
15366
15391
15414
15415
15346
15339
15360
15410
15341
15420
15348
15359
15418
15422
15352
15408
15347
15405
15338
15416
15406
15423
15424
15427
15429
15333
15329
15432
15425
15431
15433
15313
15326
15367
15369
15378
15368
15395
15397
15445
15390
15374
15438
15412
15411
15446
15365
15377
15399
15384
15450
15409
15440
15373
15336
15421
15459
15331
15449
15463
15455
15476
15474
15458
15447
15454
15396
15400
15461
15467
15466
15479
15437
15436
15398
15464
15363
15460
15386
15486
15475
15481
15426
15402
15484
15407
15487
15385
15419
15389
15392
15499
15428
15404
15491
15501
15495
15430
15502
15496
15417
15443
15441
15506
15505
15477
15444
15403
15503
15515
15413
15451
15488
15465
15514
15453
15434
15510
15511
15520
15509
15529
15439
15462
15512
15457
15522
15533
15470
15518
15535
15527
15525
15534
15473
15524
15521
15528
15442
15544
15448
15536
15532
15526
15538
15435
15552
15493
15468
15472
15556
15471
15543
15551
15561
15554
15480
15452
15482
15478
15483
15558
15553
15456
15546
15573
15494
15571
15519
15485
15492
15549
15517
15577
15564
15498
15516
15557
15566
15550
15565
15469
15555
15576
15489
15500
15567
15574
15508
15490
15504
15537
15593
15597
15497
15572
15594
15587
15591
15579
15606
15607
15530
15507
15513
15595
15608
15610
15600
15598
15596
15615
15605
15531
15540
15618
15545
15588
15621
15612
15568
15580
15523
15542
15617
15626
15631
15548
15625
15569
15642
15583
15644
15584
15624
15637
15560
15562
15632
15582
15559
15592
15648
15636
15570
15539
15563
15655
15602
15654
15575
15589
15578
15586
15581
15590
15657
15601
15604
15650
15620
15585
15616
15599
15609
15661
15660
15669
15547
15634
15611
15640
15667
15541
15673
15658
15664
15641
15670
15645
15649
15666
15663
15674
15603
15668
15686
15633
15629
15614
15613
15623
15689
15695
15628
15678
15692
15643
15682
15691
15698
15694
15707
15690
15701
15716
15703
15630
15659
15622
15652
15710
15697
15619
15687
15639
15708
15627
15718
15646
15720
15719
15676
15675
15731
15724
15651
15638
15677
15681
15734
15680
15685
15656
15740
15714
15717
15696
15739
15671
15745
15728
15653
15635
15647
15725
15730
15729
15684
15683
15746
15672
15744
15752
15700
15747
15753
15759
15741
15702
15751
15765
15755
15748
15761
15688
15764
15771
15699
15762
15735
15785
15756
15727
15704
15736
15787
15721
15776
15706
15713
15790
15768
15779
15788
15772
15777
15782
15763
15732
15798
15791
15774
15709
15802
15766
15792
15722
15737
15809
15693
15679
15789
15807
15705
15712
15769
15711
15780
15814
15821
15742
15825
15757
15775
15715
15733
15831
15743
15794
15818
15797
15795
15830
15758
15754
15810
15815
15723
15800
15844
15760
15836
15796
15816
15832
15826
15749
15849
15827
15793
15811
15842
15805
15839
15852
15738
15781
15856
15840
15819
15861
15778
15855
15851
15860
15773
15803
15867
15863
15770
15829
15874
15868
15848
15876
15875
15812
15880
15726
15837
15786
15838
15824
15783
15767
15871
15887
15817
15885
15883
15846
15822
15834
15813
15784
15833
15820
15799
15806
15845
15881
15804
15858
15750
15835
15859
15900
15904
15801
15908
15823
15903
15911
15899
15847
15893
15891
15890
15913
15901
15841
15905
15902
15912
15909
15917
15808
15828
15843
15910
15928
15921
15923
15935
15918
15865
15926
15934
15924
15857
15862
15937
15878
15925
15897
15945
15886
15922
15949
15920
15898
15895
15948
15927
15894
15884
15854
15853
15889
15879
15958
15960
15946
15955
15959
15866
15967
15966
15957
15969
15906
15939
15936
15931
15919
15975
15954
15974
15896
15850
15964
15962
15907
15976
15979
15951
15993
15972
15941
15864
15869
15933
15877
16000
15981
15870
15872
15989
16006
15873
15992
15888
15892
15980
15952
15987
15995
15943
16004
15882
16009
15929
15932
2005
1923
15930
15973
15947
2275
15978
15915
15985
731
15916
15956
15914
132
15944
15983
15971
15938
15940
15942
15994
15982
15965
2810
15950
15953
16008
15990
16005
15984
417
795
15968
692
15986
201
1489
15963
15961
15998
16001
2119
16007
15999
2142
2242
15991
2204
16002
15970
15977
15996
16003
15988
15997
3413
15665
14087
3567
4053
4495
4717
12121
12435
4856
5004
5686
5839
6131
6064
6158
14456
6546
6704
14861
7001
7076
7177
8520
8597
15662
15251
14462
