2
4
12
24
5
19
16
13
35
40
33
32
17
23
1
18
48
67
25
63
86
0
31
77
76
70
8
64
61
43
65
9
66
21
38
90
39
79
51
62
89
44
7
30
84
34
37
36
49
81
88
105
91
55
95
109
71
80
56
59
42
116
78
94
119
6
96
72
125
75
112
14
114
100
153
132
45
117
57
138
124
69
115
154
27
26
46
121
144
137
140
53
60
15
54
97
99
167
41
11
145
141
74
173
50
47
52
161
87
135
159
143
170
118
142
107
152
171
20
58
176
127
130
175
162
148
10
85
174
191
104
157
22
182
166
3
195
92
147
133
201
29
93
98
101
111
156
158
187
83
102
73
136
110
184
106
122
179
113
217
139
120
233
221
134
123
225
168
108
129
228
202
198
185
188
146
160
28
210
226
253
131
256
82
197
219
260
183
249
180
206
269
150
248
68
222
178
172
261
163
103
169
234
177
272
165
278
232
273
237
164
194
212
208
181
286
258
149
298
204
283
128
218
213
300
284
186
295
244
310
302
214
236
230
246
304
238
305
292
126
255
296
231
289
312
262
241
267
227
321
207
330
318
190
287
200
254
333
329
325
268
199
319
242
193
290
151
332
347
155
229
220
192
317
252
356
271
327
328
352
215
324
250
322
224
196
189
275
308
280
367
338
209
279
245
297
235
265
323
240
270
339
366
334
380
205
211
223
350
379
378
349
358
369
216
342
203
276
368
374
355
247
401
372
402
291
394
399
365
277
405
388
361
354
425
389
419
263
423
409
371
303
410
411
392
428
420
424
408
285
406
418
440
320
313
441
422
430
433
415
257
386
344
326
307
316
351
340
281
438
274
314
311
243
435
239
381
309
301
264
259
299
456
459
460
336
436
383
454
448
294
432
443
282
251
335
385
343
341
463
353
453
470
331
444
315
467
306
390
464
479
384
469
427
357
492
412
455
362
488
485
487
337
375
472
348
421
293
387
491
507
346
345
489
288
512
266
508
475
499
493
396
395
363
501
400
373
474
370
377
494
496
510
509
490
434
393
539
484
522
382
517
481
391
404
450
529
431
550
364
513
551
407
439
528
549
478
525
360
376
516
359
446
403
520
458
447
452
542
429
555
526
457
449
511
537
398
577
579
559
414
445
397
547
562
497
583
566
575
569
576
573
564
413
468
597
416
574
585
417
442
600
495
588
578
437
584
589
523
598
465
473
565
591
603
593
571
611
610
461
471
426
466
538
462
477
498
628
601
625
619
476
568
617
612
548
608
613
505
518
530
632
482
607
503
534
543
602
637
630
483
644
645
504
615
605
521
506
486
524
629
655
614
536
641
647
541
546
514
502
560
553
622
657
651
640
659
638
540
451
673
658
531
674
545
666
500
533
680
563
544
556
594
519
480
664
675
557
683
515
662
694
570
660
561
677
552
697
582
679
668
699
688
708
653
527
616
606
572
604
714
567
718
635
726
736
720
722
649
623
633
730
716
618
737
738
661
621
663
558
732
590
626
704
743
725
709
624
636
599
609
727
728
586
740
587
739
535
748
735
620
750
741
671
696
634
554
760
595
753
580
684
762
627
690
669
772
646
751
652
757
596
776
770
769
782
642
778
715
758
774
639
759
784
767
777
581
781
792
765
729
592
631
681
783
793
682
693
670
705
801
656
803
698
648
678
665
701
685
702
667
804
802
654
820
809
672
686
817
712
689
827
692
695
650
707
838
819
816
788
810
798
789
805
811
786
795
687
532
829
800
733
837
797
845
849
815
814
799
643
734
824
742
721
844
768
834
706
852
700
731
764
723
756
785
747
830
807
724
719
755
717
864
746
875
854
710
806
711
868
828
857
823
833
846
744
843
858
885
882
749
879
771
891
825
888
892
813
901
887
856
763
894
860
908
870
883
872
752
924
831
676
691
911
876
754
745
713
915
775
773
922
796
923
761
780
918
766
818
836
929
812
938
937
935
916
921
779
787
926
884
703
895
931
900
919
940
950
945
910
934
954
790
957
912
865
878
873
966
948
905
880
861
961
941
794
956
859
898
949
903
899
791
985
927
968
975
951
947
877
869
946
933
928
913
841
835
989
967
822
965
974
996
863
826
896
994
839
881
984
973
983
842
1001
1003
907
953
840
963
871
976
930
832
982
855
906
886
1007
1029
997
998
850
987
808
999
1009
1004
1028
1025
902
1018
889
904
848
1010
897
920
1017
925
1033
914
1020
1049
969
1031
1012
943
1035
932
1027
1046
1023
847
890
1038
1043
944
1052
1059
893
1044
867
1041
1066
971
1032
1061
1062
1064
917
1013
936
1042
866
981
1040
1072
1045
1075
959
1069
1070
955
1037
1083
939
978
1006
1057
1084
1099
1065
952
1067
1060
1107
958
988
853
1108
1000
986
1111
1104
1091
1055
1080
977
980
1005
964
1100
909
1085
821
851
1014
993
1058
1095
862
1097
1106
1105
1015
1002
1109
1120
972
1133
970
1115
962
990
1124
1110
1086
1138
1022
1125
1074
874
1119
1016
942
1034
1135
1150
1141
1019
1127
1011
1161
1050
1048
1047
1030
1053
1149
995
1134
1146
991
1140
1024
1036
1164
1144
1166
1179
1159
1102
1148
1155
1039
1162
1136
1089
1182
992
1156
1056
979
1171
960
1184
1142
1116
1167
1170
1118
1177
1079
1078
1169
1123
1188
1021
1054
1026
1090
1073
1203
1190
1008
1222
1071
1103
1199
1068
1096
1208
1192
1207
1101
1210
1088
1094
1211
1230
1098
1220
1212
1202
1117
1076
1200
1187
1114
1226
1224
1113
1077
1121
1126
1129
1232
1087
1153
1239
1051
1092
1093
1214
1217
1132
1251
1223
1063
1258
1261
1163
1180
1253
1139
1246
1259
1181
1154
1197
1152
1236
1244
1173
1160
1194
1128
1256
1195
1178
1209
1137
1147
1237
1174
1213
1130
1257
1168
1193
1269
1151
1272
1285
1185
1286
1263
1284
1196
1266
1233
1204
1299
1245
1288
1282
1216
1145
1290
1175
1305
1183
1278
1298
1218
1294
1302
1205
1306
1314
1315
1313
1296
1262
1277
1081
1316
1158
1301
1328
1172
1320
1143
1228
1221
1317
1326
1342
1165
1304
1215
1241
1240
1329
1225
1157
1324
1325
1234
1206
1191
1335
1249
1267
1330
1336
1318
1122
1332
1112
1082
1198
1176
1337
1327
1189
1186
1219
1360
1311
1339
1368
1356
1321
1254
1247
1331
1341
1252
1229
1371
1377
1375
1227
1201
1355
1370
1347
1383
1380
1281
1364
1348
1293
1279
1374
1340
1369
1289
1398
1354
1310
1264
1271
1131
1373
1366
1346
1362
1379
1404
1361
1382
1343
1274
1231
1238
1365
1275
1345
1255
1260
1408
1265
1388
1418
1250
1399
1235
1270
1248
1420
1390
1423
1431
1425
1357
1242
1435
1428
1358
1414
1401
1387
1427
1426
1396
1287
1446
1276
1456
1448
1454
1322
1307
1280
1297
1243
1430
1438
1455
1291
1376
1283
1393
1429
1344
1308
1386
1460
1407
1442
1439
1458
1333
1300
1464
1319
1381
1463
1471
1367
1303
1351
1378
1462
1334
1338
1312
1292
1352
1469
1468
1349
1467
1424
1416
1412
1363
1405
1477
1359
1459
1482
1476
1481
1309
1273
1487
1353
1403
1499
1512
1493
1268
1503
1295
1391
1394
1497
1506
1323
1505
1517
1384
1350
1395
1392
1523
1402
1437
1500
1519
1400
1372
1441
1410
1534
1443
1511
1532
1411
1542
1516
1525
1535
1417
1543
1434
1546
1551
1541
1544
1536
1553
1556
1447
1406
1413
1562
1513
1531
1567
1533
1421
1549
1474
1419
1552
1560
1409
1457
1565
1582
1547
1483
1575
1451
1436
1385
1415
1509
1422
1389
1449
1558
1432
1495
1502
1433
1488
1564
1461
1545
1521
1586
1486
1583
1514
1472
1492
1480
1578
1489
1397
1526
1580
1601
1440
1579
1452
1584
1528
1445
1571
1470
1444
1518
1465
1614
1475
1496
1612
1559
1453
1548
1537
1466
1608
1484
1450
1530
1630
1607
1491
1605
1479
1573
1619
1581
1490
1504
1624
1555
1611
1632
1520
1515
1501
1631
1508
1538
1610
1566
1510
1473
1596
1485
1498
1649
1522
1647
1640
1664
1638
1633
1641
1540
1645
1507
1572
1561
1557
1628
1636
1563
1668
1478
1670
1651
1675
1657
1644
1577
1529
1591
1652
1694
1539
1684
1695
1524
1550
1659
1654
1554
1665
1679
1594
1570
1568
1569
1527
1587
1673
1689
1494
1576
1704
1574
1687
1616
1708
1692
1599
1618
1598
1714
1711
1693
1700
1715
1709
1713
1671
1699
1721
1593
1685
1707
1717
1710
1589
1588
1603
1602
1728
1613
1724
1592
1590
1662
1658
1604
1597
1730
1739
1625
1653
1585
1720
1731
1741
1735
1635
1702
1737
1595
1718
1600
1623
1627
1748
1660
1746
1655
1761
1738
1772
1750
1752
1609
1621
1757
1606
1669
1646
1764
1754
1637
1755
1753
1643
1725
1778
1745
1629
1769
1733
1747
1788
1774
1615
1763
1776
1794
1780
1690
1781
1678
1749
1783
1677
1786
1688
1765
1799
1661
1676
1639
1672
1795
1681
1784
1691
1663
1696
1785
1802
1622
1642
1716
1803
1617
1626
1656
1817
1701
1650
1680
1782
1804
1634
1825
1806
1666
1682
1686
1797
1698
1830
1620
1648
1833
1744
1831
1705
1697
1751
1789
1667
1809
1824
1807
1814
1843
1727
1840
1826
1683
1706
1837
1818
1834
1856
1858
1793
1742
1816
1740
1726
1729
1823
1723
1762
1855
1867
1865
1847
1674
1703
1848
1852
1712
1832
1743
1873
1850
1787
1759
1722
1756
1849
1875
1836
1893
1844
1897
1719
1868
1878
1829
1767
1815
1884
1846
1894
1857
1864
1732
1779
1909
1773
1872
1861
1790
1915
1734
1853
1821
1881
1827
1736
1916
1863
1798
1925
1819
1813
1936
1887
1758
1911
1910
1770
1930
1777
1766
1900
1810
1901
1800
1938
1899
1919
1920
1859
1839
1866
1845
1907
1775
1835
1928
1760
1950
1931
1841
1880
1874
1959
1822
1958
1956
1768
1812
1801
1838
1808
1945
1871
1828
1771
1876
1885
1792
1889
1869
1888
1968
1791
1879
1842
1892
1886
1870
1966
1971
1906
1891
1882
1977
1941
1883
1862
1898
1904
1877
1939
1965
1999
1975
1851
1947
1969
1811
1967
1985
1913
1805
1991
1993
1994
2006
1980
1854
2001
2015
1976
2012
2014
1972
1796
2016
1989
1927
1932
2009
1979
1820
2008
2019
2017
2010
2011
2007
2031
1987
1917
2013
1921
2029
1895
1970
1998
1918
2018
1903
1988
2041
2024
2033
2027
1964
2056
1973
2040
1896
2036
1940
2054
2059
2042
1908
1942
2046
1946
2032
1860
2038
1929
2064
2037
2069
1933
1923
2070
2055
2062
2071
2068
2074
1890
1922
1902
2053
2057
2083
1944
1924
1914
2026
1951
1978
1963
2065
1926
1982
2021
2099
2081
1905
2090
1948
1953
2091
2067
2077
1943
1955
2098
1957
1995
1997
2080
2079
1934
2106
1912
2105
2086
2108
1954
2002
2092
2078
1981
1983
1952
2115
1962
1935
2114
2095
1974
1992
2023
1961
2125
2113
2035
2025
2133
1984
2146
2162
2144
2149
2039
1990
1949
2155
2127
2138
2003
2034
2129
2136
2004
2066
2047
2161
2043
2020
1996
2048
2158
2005
2051
2063
2045
1960
2076
2028
2049
2052
2160
2170
2061
2167
2044
2082
2000
2072
2140
2088
2181
2100
2151
2184
2159
2182
2103
2050
2190
2185
2172
2198
2109
2169
2093
1986
2157
2188
2119
2060
2112
2030
2166
2216
2215
2085
2222
2084
2124
2210
2073
2205
2209
2123
2104
2022
2213
2212
2223
2075
2206
2217
2096
2111
2110
2150
2147
2143
2142
2164
2224
2228
2121
2116
2218
2236
2214
2232
2238
2134
2235
2240
2230
2132
2094
2141
2107
2227
2058
2226
2139
2137
2242
2247
2250
2145
2128
2219
2171
2102
2165
2131
2237
2201
2254
2089
2175
2251
2122
2148
2234
2118
2256
2154
2120
2275
2257
2253
2126
2153
2152
2087
2199
2186
2192
2101
2255
2252
2168
2177
2261
2097
2130
2189
2207
2191
2279
2135
2306
2276
2211
2284
2293
2202
2302
2289
2204
2200
2319
2303
2307
2314
2283
2312
2277
2208
2285
2220
2194
2320
2325
2221
2117
2316
2330
2328
2308
2225
2179
2335
2337
2338
2176
2340
2187
2173
2180
2193
2267
2348
2346
2197
2156
2313
2304
2332
2178
2318
2196
2174
2183
2322
2317
2243
2248
2244
2245
2163
2364
2361
2369
2286
2366
2266
2259
2359
2264
2345
2282
2246
2249
2294
2239
2342
2288
2298
2281
2269
2381
2372
2355
2272
2383
2363
2376
2391
2373
2260
2290
2310
2195
2382
2231
2278
2271
2390
2389
2258
2387
2408
2398
2292
2329
2400
2268
2203
2336
2410
2241
2393
2405
2262
2399
2395
2287
2229
2331
2401
2280
2392
2315
2311
2233
2394
2406
2397
2309
2429
2270
2305
2403
2265
2409
2411
2434
2415
2421
2296
2301
2424
2295
2412
2347
2442
2456
2344
2446
2443
2416
2299
2435
2447
2300
2436
2458
2460
2452
2352
2297
2374
2362
2464
2473
2463
2326
2461
2360
2437
2433
2478
2356
2384
2470
2472
2462
2474
2380
2365
2449
2291
2489
2479
2339
2353
2483
2341
2492
2495
2368
2367
2323
2499
2498
2413
2404
2414
2324
2349
2333
2370
2377
2471
2491
2487
2507
2500
2386
2496
2430
2503
2515
2379
2516
2354
2506
2505
2511
2512
2514
2509
2529
2513
2327
2522
2523
2402
2334
2396
2524
2440
2274
2273
2385
2417
2357
2343
2531
2502
2519
2530
2423
2378
2448
2482
2453
2420
2525
2450
2388
2466
2350
2358
2375
2371
2321
2544
2538
2432
2551
2427
2467
2557
2351
2526
2543
2558
2426
2481
2454
2563
2457
2541
2556
2517
2476
2567
2484
2438
2422
2552
2575
2455
2497
2578
2572
2428
2439
2593
2465
2539
2594
2477
2444
2425
2494
2407
2480
2469
2600
2573
2592
2521
2493
2488
2549
2554
2595
2582
2608
2607
2475
2441
2603
2568
2532
2547
2451
2459
2418
2564
2584
2626
2485
2629
2580
2571
2620
2623
2431
2612
2624
2468
2504
2602
2533
2535
2587
2419
2445
2583
2619
2490
2548
2644
2616
2618
2642
2657
2518
2510
2590
2645
2648
2651
2534
2647
2614
2625
2585
2653
2637
2560
2540
2638
2646
2666
2662
2566
2550
2536
2555
2634
2559
2553
2562
2652
2667
2604
2501
2655
2577
2679
2670
2520
2659
2663
2650
2690
2581
2565
2545
2527
2675
2668
2665
2661
2570
2698
2574
2672
2671
2674
2589
2692
2579
2588
2673
2694
2669
2542
2680
2605
2537
2576
2705
2601
2597
2606
2683
2617
2599
2677
2611
2715
2716
2508
2546
2569
2561
2730
2696
2710
2722
2615
2720
2706
2708
2719
2596
2744
2731
2586
2636
2703
2643
2746
2758
2713
2700
2613
2740
2736
2733
2486
2723
2752
2729
2742
2528
2747
2750
2610
2591
2732
2639
2762
2628
2598
2714
2745
2739
2753
2759
2632
2769
2773
2763
2765
2627
2621
2780
2756
2691
2633
2766
2635
2794
2630
2797
2781
2786
2783
2789
2685
2640
2697
2782
2785
2784
2772
2709
2702
2631
2788
2687
2682
2775
2792
2622
2711
2609
2734
2801
2793
2693
2656
2726
2695
2812
2658
2817
2796
2641
2806
2811
2678
2688
2654
2707
2660
2686
2813
2816
2833
2741
2681
2804
2676
2824
2834
2835
2826
2699
2830
2649
2810
2735
2844
2712
2843
2832
2845
2819
2718
2849
2836
2689
2684
2865
2701
2837
2848
2664
2738
2867
2724
2863
2725
2728
2721
2874
2878
2852
2727
2704
2868
2870
2779
2853
2770
2884
2749
2873
2751
2869
2879
2777
2857
2887
2891
2862
2774
2748
2895
2893
2899
2896
2886
2717
2906
2872
2787
2898
2904
2902
2908
2767
2764
2795
2737
2790
2768
2754
2916
2802
2915
2828
2894
2846
2798
2776
2760
2923
2800
2831
2825
2823
2858
2757
2889
2921
2808
2841
2933
2901
2911
2743
2866
2927
2829
2847
2925
2822
2930
2932
2807
2840
2942
2924
2854
2815
2821
2917
2814
2929
2940
2883
2926
2842
2945
2937
2910
2818
2803
2939
2799
2959
2778
2805
2871
2877
2946
2934
2967
2936
2851
2941
2791
2960
2755
2963
2943
2969
2809
2935
2771
2987
2827
2982
2850
2855
2990
2905
2956
2993
2876
2861
2975
2964
2860
2907
2980
2909
2985
2856
2885
2972
2995
2838
2912
2991
2882
2761
2994
3002
2977
2890
3008
2950
2903
3017
2820
3007
3015
2913
2996
3022
2881
3031
2961
2948
3021
3033
3036
2892
2928
2839
2875
3044
2958
3026
2919
2888
3024
3001
2914
3012
2953
3039
3048
2920
2949
2938
2900
3019
3050
3053
3018
3040
3045
3049
2984
3046
2864
3029
2957
2966
2922
3064
2880
3000
3077
3069
2999
3068
3035
2983
2859
3067
3073
2918
3079
3061
3020
3078
3084
2962
2971
3006
2989
2897
3086
3062
2988
2931
3076
3032
2947
2965
3085
3074
3063
3065
3101
3089
2968
2979
3095
2976
3094
2952
3009
3055
3091
2981
2973
3116
3043
3013
3098
3023
3100
3003
2986
3058
3110
3125
3011
3083
2992
3014
3056
3057
3034
3134
2978
2998
3115
3139
2954
3131
2944
3113
3124
3145
2970
3041
3138
3103
3133
3128
3150
3155
3149
2974
3130
3141
3156
2997
3123
3051
2955
2951
3010
3137
3028
3060
3153
3152
3004
3059
3005
3027
3166
3144
3179
3154
3087
3037
3075
3180
3157
3176
3107
3122
3099
3187
3025
3189
3191
3030
3167
3161
3082
3184
3071
3042
3038
3195
3066
3054
3192
3092
3121
3201
3196
3070
3182
3081
3174
3200
3096
3129
3185
3169
3080
3102
3163
3208
3016
3226
3047
3151
3052
3142
3147
3214
3210
3088
3090
3190
3207
3135
3175
3127
3177
3105
3097
3072
3246
3237
3229
3111
3126
3218
3243
3106
3108
3146
3247
3250
3140
3104
3231
3109
3254
3120
3248
3165
3170
3252
3228
3114
3160
3233
3119
3236
3194
3199
3241
3093
3118
3148
3136
3235
3279
3232
3220
3266
3132
3274
3281
3244
3172
3286
3159
3164
3265
3271
3268
3267
3288
3290
3295
3275
3143
3204
3171
3300
3181
3198
3273
3186
3292
3301
3188
3158
3277
3304
3255
3306
3178
3262
3318
3296
3291
3213
3209
3315
3310
3322
3317
3203
3328
3197
3327
3325
3329
3205
3173
3212
3321
3320
3222
3193
3334
3216
3330
3261
3219
3340
3215
3332
3331
3342
3168
3221
3206
3117
3343
3356
3224
3348
3162
3289
3284
3349
3346
3364
3360
3249
3370
3369
3251
3366
3257
3372
3361
3359
3225
3112
3382
3227
3378
3341
3259
3260
3242
3240
3363
3202
3245
3217
3239
3307
3272
3309
3269
3377
3380
3258
3371
3396
3234
3253
3263
3297
3398
3264
3387
3406
3384
3326
3287
3409
3294
3283
3293
3402
3280
3390
3314
3285
3305
3339
3393
3344
3379
3386
3403
3276
3299
3407
3431
3413
3278
3345
3324
3405
3303
3428
3298
3408
3316
3432
3443
3355
3350
3357
3430
3454
3426
3414
3453
3302
3308
3311
3451
3352
3381
3423
3429
3313
3418
3450
3365
3367
3319
3270
3439
3337
3282
3312
3336
3368
3459
3440
3358
3456
3448
3462
3256
3472
3373
3354
3335
3375
3385
3467
3478
3338
3211
3323
3401
3376
3471
3389
3473
3435
3485
3223
3420
3183
3480
3230
3457
3347
3353
3238
3333
3491
3490
3484
3464
3470
3351
3466
3434
3479
3383
3488
3496
3515
3520
3481
3489
3504
3492
3510
3497
3527
3512
3525
3477
3412
3518
3511
3516
3505
3538
3523
3533
3534
3446
3494
3388
3529
3532
3519
3362
3395
3425
3397
3521
3421
3399
3524
3522
3544
3528
3463
3553
3540
3542
3531
3455
3410
3391
3374
3460
3415
3530
3392
3571
3541
3424
3417
3441
3536
3419
3411
3416
3559
3539
3563
3482
3584
3587
3557
3550
3437
3400
3549
3565
3585
3579
3554
3475
3572
3576
3427
3597
3476
3458
3558
3555
3568
3433
3561
3461
3506
3503
3548
3547
3567
3394
3468
3486
3508
3573
3590
3606
3615
3622
3513
3600
3601
3469
3501
3442
3631
3474
3594
3627
3633
3598
3630
3583
3487
3517
3444
3588
3636
3644
3438
3445
3507
3543
3526
3499
3537
3483
3649
3647
3447
3562
3502
3564
3570
3634
3632
3560
3582
3500
3422
3436
3498
3621
3404
3612
3575
3628
3654
3514
3449
3552
3545
3638
3635
3569
3535
3493
3452
3465
3646
3577
3673
3652
3650
3658
3672
3574
3509
3661
3624
3675
3608
3566
3581
3666
3651
3609
3546
3698
3694
3655
3665
3684
3706
3669
3662
3680
3700
3677
3596
3681
3495
3611
3556
3642
3595
3604
3717
3613
3710
3607
3691
3718
3657
3660
3586
3723
3618
3703
3670
3664
3727
3712
3685
3648
3551
3696
3720
3614
3743
3667
3623
3740
3592
3591
3747
3725
3610
3745
3641
3593
3755
3695
3714
3748
3724
3686
3603
3674
3757
3690
3578
3744
3659
3637
3754
3741
3580
3774
3689
3737
3602
3682
3626
3605
3620
3629
3766
3639
3769
3759
3663
3678
3761
3668
3688
3758
3760
3656
3779
3705
3764
3721
3704
3771
3742
3683
3707
3762
3731
3702
3736
3789
3781
3787
3786
3788
3794
3733
3798
3790
3784
3783
3799
3804
3809
3599
3726
3770
3643
3640
3679
3617
3697
3746
3807
3715
3719
3711
3739
3827
3738
3808
3816
3824
3792
3756
3753
3829
3812
3813
3802
3806
3625
3820
3734
3837
3823
3831
3676
3841
3844
3838
3645
3821
3847
3855
3846
3653
3861
3692
3832
3708
3687
3735
3671
3826
3699
3859
3619
3853
3750
3713
3867
3780
3693
3863
3616
3729
3589
3872
3751
3876
3730
3842
3879
3871
3868
3765
3889
3899
3870
3875
3803
3716
3773
3881
3873
3775
3709
3701
3767
3898
3776
3805
3883
3904
3893
3905
3810
3877
3878
3817
3763
3917
3916
3908
3722
3902
3793
3884
3749
3818
3910
3785
3822
3839
3834
3927
3912
3815
3920
3836
3825
3860
3933
3866
3926
3907
3913
3929
3901
3934
3843
3928
3800
3911
3935
3942
3940
3937
3728
3732
3923
3921
3952
3768
3797
3939
3857
3777
3862
3772
3963
3854
3955
3948
3874
3858
3782
3801
3973
3968
3778
3833
3943
3851
3865
3845
3835
3791
3891
3956
3970
3953
3974
3828
3964
3959
3849
3885
3896
3819
3950
3915
3919
3949
3977
3984
3990
3991
3978
3996
3795
3796
3995
3814
4000
3848
3946
3811
4007
3980
3994
3840
3850
3752
3998
4003
3852
4028
3965
3961
3864
4021
4030
4022
3954
3962
4016
3894
3890
3903
4025
4035
4005
4031
4026
3947
4002
4015
3985
3979
3976
4023
3922
3880
4024
4045
4013
3856
4039
4019
4048
4046
4037
3830
3900
4056
4050
3987
4053
4057
3944
4058
3887
3886
4040
3971
3931
4010
3882
3945
4077
3993
4064
3967
4071
3918
4049
3924
3960
3930
3941
4069
3925
3914
3986
3982
3975
4065
4075
3951
3972
4082
4083
4063
3869
3932
3958
3981
4078
4061
4059
3909
4067
3892
3895
3997
3888
4094
4081
4107
4108
4102
3999
3897
4114
4122
4127
4111
3936
3969
4109
4004
4112
4130
4104
3966
4097
3938
3983
4117
4017
3988
4011
3989
4006
4098
4018
3906
4131
4142
4008
4139
4068
4009
4033
4145
4141
4146
4014
4073
4055
4118
3992
4116
4043
4160
4156
4038
4001
4044
4062
4029
4034
4047
4144
4020
4012
4027
4150
4149
4161
4051
4080
4171
4179
4042
4032
4148
4066
4072
4154
4070
4151
4052
4137
4190
4089
4088
4096
4103
4086
4087
4054
4181
4084
4173
4197
4090
4074
4092
4126
4100
4091
4110
4101
4036
4079
4125
4170
4119
4206
4121
4185
4134
4225
4129
4095
4076
4211
4085
4203
4208
4217
4041
4205
4105
4093
4207
4060
4106
4202
4113
4231
4238
4210
4214
4240
4230
4226
4099
4242
4241
4218
4219
4257
4215
4223
4123
4132
4158
4232
4216
4234
4221
4260
4152
4249
4251
4253
4140
4196
4236
4269
4128
4265
4153
4278
4159
4246
4262
4243
4187
4157
4182
4155
4174
4143
4258
4283
4267
4286
4279
4178
4175
4209
4133
4120
4291
4176
4184
4138
4135
4188
4163
4272
4288
4192
4285
4271
4296
4164
4162
4165
4302
4180
4193
4195
4169
4303
4124
4198
4282
4189
4200
4274
4294
4136
4313
4167
4311
4194
4315
4309
4201
3957
4314
4292
4327
4305
4312
4319
4332
4297
4299
4304
4259
4324
4227
4147
4115
4172
4168
4186
4337
4344
4306
4333
4339
4357
4331
4255
4213
4204
4356
4349
4183
4310
4177
4212
4239
4353
4235
4355
4289
4323
4341
4360
4263
4166
4364
4351
4346
4199
4229
4247
4228
4317
4252
4347
4343
4222
4329
4384
4382
4191
4389
4373
4392
4399
4220
4366
4369
4248
4393
4386
4371
4405
4383
4378
4245
4264
4381
4372
4379
4270
4406
4409
4403
4359
4321
4244
4410
4385
4411
4275
4418
4397
4328
4325
4404
4420
4301
4268
4300
4261
4290
4295
4316
4419
4408
4414
4318
4433
4444
4421
4233
4250
4447
4435
4330
4438
4254
4273
4441
4266
4429
4335
4280
4293
4446
4440
4354
4430
4431
4391
4298
4307
4451
4442
4284
4453
4345
4277
4365
4462
4424
4320
4370
4287
4322
4467
4256
4336
4468
4334
4276
4377
4412
4281
4237
4308
4463
4361
4445
4443
4452
4367
4224
4454
4479
4465
4449
4483
4348
4482
4471
4488
4394
4342
4363
4473
4493
4407
4368
4489
4390
4476
4340
4474
4507
4350
4395
4496
4501
4402
4510
4499
4514
4338
4326
4388
4512
4417
4503
4439
4517
4524
4396
4518
4527
4530
4426
4401
4423
4415
4380
4495
4506
4436
4523
4387
4457
4528
4376
4552
4460
4545
4374
4400
4558
4555
4546
4529
4531
4428
4550
4481
4536
4375
4434
4544
4557
4547
4563
4560
4549
4362
4543
4568
4422
4561
4567
4469
4541
4578
4450
4574
4448
4466
4551
4565
4584
4484
4459
4492
4398
4564
4566
4470
4490
4432
4413
4554
4571
4352
4591
4581
4533
2263
4587
4416
4508
4358
4599
4580
4577
4583
4505
4520
4455
4437
4427
4500
4602
4472
4498
4491
4569
4607
4600
4594
4534
4540
4425
4609
4494
4611
4572
4593
4603
4596
4537
4614
4590
4621
4592
4597
4626
4504
4515
4553
4605
4618
4522
4539
4477
4487
4532
4464
4631
4538
4645
4475
4619
4486
4629
4620
4628
4630
4616
4623
4624
4658
4478
4535
4497
4622
4585
4480
4634
4638
4637
4650
4458
4647
4548
4672
4627
4521
4485
4679
4677
4511
4525
4656
4575
4700
4456
4692
4701
4667
4516
4461
4559
4556
4526
4519
4606
4625
4648
4617
4698
4582
4643
4573
4680
4570
4705
4646
4513
4542
4673
4712
4709
4686
4710
4642
4655
4723
4707
4601
4588
4576
4711
4632
4726
4688
4610
4734
4717
4724
4608
4562
4612
4715
4604
4736
4660
4733
4731
4509
4728
4639
4725
4635
4670
4735
4640
4613
4690
4742
4661
4615
4740
4744
4751
4651
4727
4595
4741
4738
4754
4769
4753
4750
4732
4579
4683
4696
4682
4763
4694
4636
4649
4691
4702
4589
4779
4653
4663
4598
4775
4773
4757
4766
4685
4693
4784
4776
4767
4761
4778
4678
4768
4669
4644
4774
4681
4676
4796
4721
4787
4675
4706
4782
4749
4789
4781
4633
4657
4786
4713
4814
4828
4586
4674
4684
4664
4687
4827
4816
4812
4755
4654
4815
4722
4771
4762
4820
4689
4703
4804
4714
4803
4832
4834
4695
4729
4659
4818
4842
4819
4777
4830
4641
4840
4811
4718
4770
4747
4860
4708
4699
4704
4858
4852
4843
4671
4838
4666
4697
4849
4662
4716
4765
4846
4739
4857
4719
4866
4652
4665
4853
4743
4730
4855
4873
4851
4759
4756
4875
4783
4874
4791
4788
4878
4760
4880
4885
4886
4790
4764
4813
4890
4808
4746
4889
4892
4737
4798
4902
4888
4807
4758
4879
4905
4748
4800
4793
4668
4720
4794
4908
4876
4795
4806
4809
4871
4831
4829
4897
4847
4822
4772
4823
4825
4817
4906
4752
4839
4780
4898
4792
4919
4826
4895
4841
4901
4918
4745
4936
4797
4833
4916
4903
4802
4844
4824
4837
4926
4845
4785
4835
4799
4821
4948
4810
4933
4922
4848
4925
4836
4868
4869
4945
4927
4947
4861
4801
4850
4968
4932
4960
4941
4854
4958
4969
4805
4859
4931
4949
4963
4973
4884
4951
4862
4946
4937
4950
4907
4956
4964
4987
4995
4989
4913
4962
4881
4982
4921
4998
4915
4883
4882
4955
4917
4975
4972
4959
5012
4997
4923
4991
4928
5015
4970
4983
4912
5008
5022
4942
4994
5021
4993
5013
4863
5018
4910
4865
4867
5034
5000
4992
4893
4930
4920
4957
5002
5035
4896
4909
4891
4924
5005
5016
4985
4894
4943
4856
4870
5010
4877
4939
5056
4935
5051
4977
5047
5037
4966
5024
4961
5055
5027
4904
5030
4976
5063
4911
5074
4954
5075
5073
5041
5078
5059
4971
5042
4938
4952
5040
5053
4999
4996
5001
5061
5065
5088
4953
5084
5093
4887
4929
4974
5058
4944
4981
5019
4934
5069
5029
5106
4940
4967
4980
4965
5070
5067
4990
5119
4864
5014
5043
5085
5050
5068
4978
5026
5025
5083
5105
5076
5125
5036
5011
5009
5054
5003
5020
5017
5007
4900
5094
4914
5033
5087
5132
5104
5097
4986
5133
5095
5136
5139
4899
5112
5129
5023
5121
5120
5126
5004
5138
5161
5158
5045
5052
5072
5127
5079
5165
5080
5135
5151
5140
5092
5064
5081
5137
5175
5048
5144
4984
5096
5149
5152
5174
5089
5182
5060
5156
5162
5183
5160
5049
5028
5185
5077
5169
5167
5099
5091
5131
5172
5193
5006
5124
5206
5046
5071
5113
5155
5191
5109
5090
5197
5032
5100
5210
5044
5208
5118
5086
5117
5199
5038
5211
5218
5039
5217
5180
5110
5114
5200
5198
5219
5107
5115
5031
5145
5141
5142
5146
5207
5209
5123
4988
5116
5157
4979
5082
5148
5216
5153
5098
5134
5128
5213
5188
5254
5066
5258
5223
5205
5238
5246
5150
5122
5249
5108
5102
5130
5252
5224
5164
5267
5226
5103
5171
5177
5255
5196
5243
5272
5236
5247
5190
5111
5256
5184
5273
5189
5159
5266
5270
5285
5251
5278
5274
5143
5168
5178
5253
5234
5101
5268
5204
5282
5057
5147
5154
5293
5288
5286
5289
5304
5300
5294
5291
5308
5296
5176
5298
5192
5166
5305
5170
5324
5325
5306
5287
5163
5181
5283
5187
5316
5307
5329
5195
5335
5261
5186
5235
5331
5319
5334
5312
5062
5202
5215
5237
5250
5241
5328
5343
5173
5248
5336
5233
5317
5330
5333
5221
5340
5212
5230
5347
5231
5214
5349
5194
5257
5227
5240
5358
5351
5232
5242
5222
5279
5345
5359
5362
5356
5365
5372
5367
5263
5354
5352
5225
5357
5355
5281
5341
5245
5229
5346
5271
5369
5361
5264
5371
5276
5385
5220
5280
5259
5395
5389
5381
5380
5373
5400
5388
5228
5292
5375
5260
5390
5378
5399
5239
5277
5284
5179
5315
5393
5407
5392
5403
5408
5201
5299
5203
5301
5303
5314
5394
5411
5417
5425
5311
5275
5290
5402
5262
5427
5424
5442
5428
5302
5338
5350
5269
5429
5339
5327
5448
5322
5318
5440
5436
5445
5342
5265
5438
5449
5244
5447
5443
5364
5323
5297
5366
5348
5295
5466
5464
5313
5363
5310
5453
5475
5482
5456
5353
5472
5479
5474
5468
5379
5493
5337
5370
5476
5487
5458
5492
5444
5452
5470
5473
5485
5494
5499
5457
5377
5471
5480
5397
5460
5451
5412
5376
5382
5320
5486
5386
5491
5509
5433
5439
5419
5510
5503
5374
5383
5321
5522
5398
5497
5326
5391
5406
5513
5517
5332
5410
5431
5430
5405
5528
5415
5546
5360
5506
5541
5548
5446
5423
5533
5384
5421
5344
5561
5465
5414
5420
5435
5555
5535
5461
5416
5368
5559
5556
5404
5543
5547
5560
5454
5387
5309
5409
5553
5418
5537
5413
5566
5565
5437
5549
5401
5441
5519
5557
5575
5568
5500
5484
5567
5578
5583
5579
5502
5459
5489
5570
5596
5593
5527
5478
5469
5584
5585
5521
5508
5511
5599
5606
5607
5590
5477
5483
5450
5589
5426
5434
5463
5505
5512
5422
5617
5620
5572
5611
5524
5627
5455
5462
5514
5396
5619
5544
5532
5614
5615
5616
5516
5526
5432
5626
5562
5563
5496
5605
5622
5618
5536
5629
5507
5495
5642
5634
5624
5564
5501
5587
5569
5649
5659
5539
5488
5656
5481
5558
5648
5650
5664
5639
5600
5591
5658
5646
5594
5573
5520
5490
5498
5653
5666
5552
5530
5665
5609
5571
5677
5467
5515
5538
5540
5602
5669
5633
5691
5504
5673
5695
5680
5686
5592
5671
5679
5545
5613
5681
5683
5661
5608
5699
5603
5682
5529
5551
5700
5667
5701
5574
5698
5704
5550
5706
5625
5531
5586
5712
5518
5713
5674
5582
5604
5714
5643
5610
5718
5717
5726
5722
5711
5715
5723
5554
5708
5534
5731
5525
5523
5709
5542
5738
5747
5746
5742
5595
5598
5577
5736
5651
5739
5754
5641
5733
5631
5597
5670
5676
5751
5749
5745
5760
5735
5581
5741
5623
5767
5645
5662
5768
5678
5576
5580
5640
5775
5740
5660
5769
5752
5621
5638
5635
5761
5780
5778
5663
5644
5784
5757
5654
5628
5765
5787
5774
5770
5789
5762
5794
5657
5772
5655
5668
5786
5773
5637
5790
5756
5688
5764
5692
5697
5636
5804
5795
5729
5652
5716
5732
5817
5807
5730
5806
5721
5720
5783
5588
5632
5612
5601
5705
5805
5814
5647
5690
5630
5800
5809
5818
5828
5702
5687
5822
5689
5823
5703
5841
5843
5847
5791
5694
5684
5785
5826
5850
5693
5825
5845
5849
5831
5865
5719
5743
5734
5727
5675
5842
5830
5750
5672
5763
5710
5725
5844
5696
5685
5728
5737
5861
5877
5707
5878
5759
5724
5766
5882
5840
5883
5802
5753
5885
5744
5864
5793
5755
5771
5891
5884
5899
5857
5897
5869
5860
5873
5781
5911
5758
5779
5881
5821
5894
5914
5901
5776
5798
5907
5903
5832
5887
5797
5851
5913
5895
5816
5808
5915
5858
5835
5748
5917
5932
5801
5788
5811
5900
5905
5925
5782
5926
5943
5918
5941
5876
5919
5942
5931
5799
5792
5854
5923
5819
5856
5813
5948
5852
5930
5950
5836
5933
5945
5803
5951
5890
5938
5955
5859
5936
5939
5796
5820
5947
5963
5888
5959
5867
5879
5866
5871
5972
5810
5934
5875
5949
5829
5838
5952
5853
5874
5956
5990
5979
5921
5980
5976
5827
5964
5958
5927
5969
5777
5815
5848
5989
5824
5834
5893
5998
5812
5870
5863
5904
6002
5898
5872
6007
5997
5837
5908
5929
5992
5987
6016
6015
6013
6025
6027
6030
5994
6029
6006
6028
6037
5839
6036
5833
5868
6012
5892
6014
6011
6039
5991
5960
5924
5978
6031
6019
5886
5922
6003
5996
6062
6051
6010
6043
6059
6034
6054
5965
5920
5944
6021
5862
5937
5928
5967
5846
6050
5988
5954
6047
6053
5906
5953
5968
5946
6017
5999
6009
5984
6072
6080
5977
5962
5909
6066
6085
5957
5912
5986
5935
5880
5855
5910
5985
6042
5970
4502
5916
5981
6055
6097
6076
6041
6056
6101
6045
6100
6074
5974
6069
5889
5973
5971
5966
6102
6086
6091
6077
6001
6020
6071
5896
5993
5961
5983
6089
6127
6099
6126
6098
6122
6004
6008
5995
6000
6005
6038
5940
6024
6092
6087
6033
6128
6040
5975
6070
6049
6075
6023
6022
5982
6134
6094
6144
6114
6120
6095
6032
6106
6061
6136
6167
6163
6165
6145
6151
6035
6172
6137
6149
6064
6060
6046
6138
6018
6044
6026
6157
6170
6174
6096
6052
6067
6063
6187
6109
6162
6180
6082
6168
6058
6115
6073
6130
6194
6057
6188
6123
6199
6125
6190
6079
6179
6048
6182
6119
6081
6185
6112
6217
6215
6088
6214
6068
6195
6116
6113
6133
6131
6132
6154
6203
6218
6083
6219
6065
6197
6093
6140
6200
6103
6110
6231
6207
6135
6228
6235
6121
6177
6234
6202
6238
6105
6245
6118
6242
6142
6139
6146
6225
6241
6141
6175
6258
6104
6108
6084
6264
6274
6216
6129
6153
6176
6261
6251
6148
6249
6265
6107
6090
6273
6243
6152
6111
6255
6156
6254
6169
6150
6227
6166
6147
6173
6271
6143
6292
6164
6233
6196
6117
6183
6178
6155
6198
6192
6283
6236
6252
6161
6184
6206
6256
6193
6204
6158
6296
6201
6124
6232
6223
6266
6160
6171
6159
6281
6191
6208
6212
6186
6307
6181
6226
6304
6229
6277
6286
6322
6280
6275
6205
6263
6310
6189
6211
6230
6244
6320
6247
6313
6237
6334
6293
6328
6323
6317
6210
6309
6295
6336
6278
6288
6224
6332
6253
6327
6282
6213
6341
6250
6300
6314
6358
6360
6344
6364
6333
6370
6299
6311
6349
6357
6240
6351
6372
6367
6359
6220
6222
6221
6285
6386
6389
6365
6390
6262
6298
6380
6284
6394
6399
6330
6287
6270
6290
6315
6239
6395
6384
6272
6305
6392
6401
6404
6312
6398
6381
6260
6408
6308
6409
6406
6325
6385
6329
6387
6297
6338
6246
6396
6302
6417
6318
6279
6412
6269
6276
6209
6411
6350
6289
6393
6303
6306
6420
6422
6391
6414
6423
6347
6324
6363
6403
6268
6429
6410
6345
6248
6441
6291
6342
6343
6319
6340
6431
6348
6326
6419
6321
6442
6402
6426
6452
6432
6316
6433
6413
6459
6301
6353
6470
6368
6257
6259
6439
6449
6378
6428
6267
6376
6436
6453
6434
6446
6460
6469
6485
6482
6377
6397
6444
6362
6476
6361
6382
6388
6462
6407
6487
6435
6450
6335
6478
6371
6352
6474
6489
6451
6294
6463
6447
6339
6479
6375
6496
6495
6355
6483
6356
6504
6473
6373
6379
6369
6491
6490
6520
6492
6519
6533
6481
6532
6530
6506
6525
6415
6524
6501
6498
6331
6517
6507
6541
6510
6540
6508
6536
6337
6346
6366
6544
6430
6494
6383
6400
6522
6374
6553
6502
6516
6456
6509
6440
6523
6493
6511
6558
6513
6448
6445
6554
6475
6562
6416
6455
6577
6535
6480
6514
6548
6443
6565
6437
6563
6560
6438
6427
6552
6592
6537
6590
6566
6574
6559
6464
6543
6598
6526
6497
6538
6582
6555
6594
6569
6472
6405
6488
6457
6601
6596
6425
6604
6418
6575
6603
6589
6458
6477
6597
6595
6503
6600
6625
6599
6528
6593
6529
6614
6500
6608
6471
6534
6613
6630
6636
6454
6587
6466
6465
6547
6557
6499
6461
6622
6467
6486
6539
6610
6468
6484
6556
6424
6518
6652
6657
6628
6635
6647
6550
6578
6421
6515
6659
6660
6646
6505
6667
6542
6521
6666
6658
6591
6545
6580
6571
6579
6665
6675
6551
6588
6576
6564
6573
6663
6642
6677
6671
6653
6661
6662
6680
6572
6654
6568
6581
6687
6670
6669
6586
6688
6673
6649
6527
6705
6700
6549
6512
6546
6584
6531
6605
6715
6602
6718
6607
6691
6717
6719
6640
6585
6606
6583
6570
6684
6634
6638
6692
6678
6639
6641
6615
6609
6621
6561
6733
6617
6644
6703
6637
6616
6696
6620
6738
6701
6742
6727
6704
6737
6629
6713
6724
6694
6612
6626
6708
6757
6749
6618
6758
6567
6752
6664
6632
6611
6655
6633
6651
6751
6747
6672
6768
6728
6716
6631
6767
6745
6735
6780
6785
6682
6769
6736
6777
6787
6764
6765
6791
6624
6650
6645
6797
6784
6788
6771
6775
6674
6685
6774
6668
6776
6783
6779
6689
6676
6734
6799
6759
6772
6773
6778
6710
6800
6802
6795
6698
6729
6739
6725
6744
6711
6706
6818
6702
6814
6720
6831
6796
6792
6827
6756
6740
6834
6712
6746
6619
6748
6690
6697
6707
6726
6679
6643
6806
6627
6683
6819
6723
6709
6722
6695
6732
6763
6623
6648
6822
6753
6829
6730
6721
6809
6857
6832
6770
6866
6863
6656
6693
6855
6840
6686
6755
6841
6754
6845
6859
6830
6743
6873
6838
6750
6848
6870
6804
6862
6835
6837
6808
6880
6842
6801
6854
6853
6786
6821
6884
6762
6905
6890
6681
6812
6807
6781
6760
6813
6900
6805
6836
6839
6803
6699
6844
6794
6731
6714
6820
6798
6825
6871
6823
6793
6766
6824
6741
6872
6761
6865
6921
6923
6929
6789
6810
6902
6939
6868
6881
6932
6924
6936
6860
6782
6817
6942
6811
6815
6833
6878
6906
6901
6828
6843
6846
6851
6916
6955
6790
6816
6931
6850
6919
6928
6969
6858
6943
6849
6944
6940
6874
6894
6869
6948
6867
6883
6938
6893
6898
6957
6985
6888
6876
6984
6864
6847
6956
6826
6953
6947
6885
6852
6972
6889
6992
6934
6910
6993
6952
6964
7002
6911
7008
6977
6960
6856
6903
7004
6973
7009
6963
7007
6968
6879
6967
6930
6962
6907
6917
6896
7019
6861
6976
6990
7028
6945
7023
6979
6892
6875
6912
7005
6927
7016
7032
6891
6882
6886
7013
6887
6904
6954
6926
6949
7000
7030
6991
6994
6877
6897
6958
6959
7027
6920
7040
6922
7034
6995
6941
6925
6908
7049
6913
6935
7020
7047
7024
6918
7071
7069
7031
7058
7063
6988
7042
6946
6978
6983
7074
7035
6961
7029
7081
7011
6987
7006
6981
6989
7061
7078
6966
6997
7095
7021
6933
6915
6982
7086
7100
7056
6986
7091
7087
6909
7053
7098
7043
6951
6895
7103
6970
7067
7097
7064
7041
7054
7066
7033
6965
7070
7111
7118
7057
7130
7022
6971
7026
7124
7052
6996
7127
7107
7077
7137
6950
7117
7136
7090
7120
7138
7025
6999
7039
7139
7055
7144
6998
7084
7114
7037
7036
6914
7075
7149
7060
7014
7012
7059
7089
7142
6980
7050
7001
7010
7017
7171
6974
7003
7062
7015
7167
7156
6937
7080
7044
7079
7045
7099
7159
6975
7177
7173
7093
7083
7125
7176
7046
7140
7096
7092
7129
7119
7166
7051
7190
7192
7110
7094
7076
7048
7198
7185
7145
7088
7065
7018
7191
7146
7112
7082
7109
7108
7184
7068
7116
7214
7223
7203
7216
7179
7133
7189
7141
7132
7072
7221
7104
7106
7205
7224
7157
7193
7217
7134
7229
7232
7102
7222
7121
7153
7115
7163
7128
7113
7085
7154
7172
7245
7201
7180
7199
7254
7256
7038
7152
7210
7258
7165
7126
7105
7151
7135
7251
7186
7187
7266
7175
7123
7147
7200
7178
7174
7272
7150
7162
7213
7204
7207
7267
7230
7276
7143
7215
7122
7073
7237
7281
7131
7227
7194
7170
7233
7235
7275
7101
7239
7293
7160
7297
7302
7285
7196
7197
7262
7294
7155
7183
7243
7161
7299
7257
7311
7261
7305
7158
7182
7310
7250
7263
7255
7323
7321
7316
7164
7264
7325
7212
7278
7148
7334
7327
7247
7326
7277
7336
7290
7195
7300
7242
7206
7169
7249
7292
7202
7342
7269
7286
7244
7209
7246
7347
7225
7348
7282
7322
7234
7331
7188
7306
7296
7168
7208
7295
7358
7324
7219
7240
7367
7218
7320
7313
7271
7376
7231
7373
7270
7362
7236
7384
7352
7228
7265
7211
7361
7220
7226
7280
7287
7301
7279
7374
7283
7382
7260
7315
7259
7386
7395
7312
7389
7350
7345
7253
7399
7394
7241
7411
7274
7309
7288
7307
7181
7248
7372
7365
7363
7351
7284
7289
7364
7375
7413
7409
7252
7291
7356
7268
7298
7238
7341
7330
7353
7415
7379
7333
7429
7417
7273
7332
7432
7317
7314
7400
7338
7412
7440
7422
7438
7430
7355
7318
7319
7308
7378
7371
7366
7439
7447
7354
7392
7408
7329
7370
7456
7401
7396
7468
7443
7459
7404
7343
7455
7448
7344
7475
7391
7304
7303
7387
7402
7474
7349
7390
7488
7431
7328
7436
7485
7346
7428
7339
7450
7424
7445
7469
7476
7383
7479
7500
7368
7388
7453
7502
7369
7478
7357
7360
7398
7419
7359
7407
7380
7397
7427
7393
7434
7414
7377
7511
7508
7481
7484
7487
7499
7435
7340
7446
7451
7501
7494
7504
7533
7510
7441
7418
7405
7452
7406
7433
7460
7335
7528
7538
7509
7385
7493
7426
7381
7525
7518
7548
7403
7555
7462
7544
7540
7449
7524
7472
7337
7532
7496
7568
7527
7560
7463
7421
7541
7519
7482
7549
7574
7553
7486
7467
7551
7464
7545
7416
7425
7537
7534
7562
7442
7531
7410
7581
7576
7489
7569
7454
7480
7491
7584
7470
7437
7444
7477
7583
7497
7575
7471
7490
7506
7593
7458
7592
7602
7483
7466
7582
7606
7420
7605
7615
7596
7572
7599
7595
7604
7515
7597
7457
7578
7571
7623
7513
7523
7610
7594
7495
7473
7423
7620
7565
7567
7520
7461
7507
7516
7635
7554
7619
7637
7492
7535
7638
7628
7639
7514
7629
7617
7630
7631
7530
7626
7640
7498
7556
7609
7655
7651
7559
7539
7503
7465
7522
7647
7649
7659
7536
7654
7648
7652
7676
7561
7656
7517
7558
7585
7672
7543
7683
7662
7650
7668
7616
7665
7675
7677
7580
7590
7563
7669
7641
7512
7670
7579
7570
7697
7678
7691
7564
7696
7688
7557
7682
7552
7687
7529
7547
7710
7703
7712
7701
7542
7566
7598
7713
7642
7550
7573
7709
7608
7689
7722
7707
7674
7622
7612
7526
7505
7693
7727
7600
7702
7717
7591
7686
7685
7577
7587
7546
7734
7690
7661
7737
7589
7733
7730
7679
7728
7746
7633
7744
7627
7521
7732
7663
7611
7739
7731
7625
7684
7740
7726
7759
7757
7657
7658
7664
7749
7614
7645
7671
7776
7755
7607
7772
7603
7754
7618
7643
7771
7586
7588
7666
7766
7644
7783
7774
7788
7767
7753
7779
7694
7601
7705
7770
7634
7804
7800
7673
7778
7748
7806
7632
7699
7810
7660
7613
7786
7715
7706
7698
7796
7791
7636
7653
7809
7816
7780
7621
7785
7762
7646
7826
7825
7680
7750
7832
7721
7667
7716
7814
7700
7735
7821
7835
7768
7751
7839
7795
7833
7811
7704
7624
7719
7760
7729
7837
7818
7720
7695
7857
7736
7756
7843
7840
7819
7681
7725
7829
7836
7711
7862
7856
7859
7747
7741
7858
7860
7849
7752
7692
7787
7723
7761
7866
7764
7848
7769
7773
7742
7871
7781
7724
7853
7886
7877
7889
7714
7888
7885
7890
7872
7789
7794
7792
7708
7894
7867
7898
7718
7799
7820
7897
7879
7901
7803
7765
7817
7907
7881
7831
7893
7823
7775
7914
7801
7905
7738
7913
7920
7808
7784
7777
7912
7896
7797
7876
7928
7758
7813
7790
7929
7938
7926
7763
7934
7880
7921
7919
7852
7815
7932
7940
7908
7842
7945
7949
7812
7834
7956
7805
7793
7743
7953
7960
7807
7947
7854
7846
7865
7861
7958
7925
7961
7830
7844
7782
7959
7964
7868
7951
7966
7802
7822
7962
7930
7838
7944
7969
7972
7824
7985
7828
7870
7963
7847
7899
7745
7851
7887
7989
7993
7863
7994
7855
7827
7841
7911
7884
7869
7798
7845
7909
7970
7874
7995
8004
7904
7991
7850
7948
8007
8008
7927
7903
7916
7943
8017
7941
7923
8001
7875
7895
7917
7986
7922
8020
7882
8030
8015
7978
8025
7878
8003
7997
8023
7933
8019
7892
8040
8000
7937
7891
7954
7864
7910
8014
7915
8022
7998
7935
7918
7924
7955
7950
8050
8060
8051
7902
7900
7873
7952
8067
8054
8024
8033
8043
8048
7883
8038
8057
8074
8062
8047
7971
8071
7931
8077
7939
8052
8073
8031
8066
8058
8091
8076
8087
8075
7982
8094
8092
8084
8089
7936
8055
8081
8072
8095
7906
7965
7976
8083
7984
8111
8109
8085
7967
7996
7974
8082
8112
8103
8120
8114
8107
8104
7968
7981
8002
8113
8116
7957
7946
7992
8010
7977
8006
8039
8127
8108
7942
8138
8029
7988
8142
7990
8027
7979
7975
7980
8139
7987
8133
7973
8068
8061
8026
8135
8151
8148
8018
8013
8035
8028
8134
8145
8005
8046
8126
8016
8132
8012
8044
8144
8070
8143
8157
7983
8146
7999
8155
8065
8041
8159
8152
8078
8161
8166
8156
8172
8164
8021
8130
8179
8036
8063
8097
8136
8009
8032
8059
8056
8034
8102
8069
8198
8064
8183
8194
8203
8178
8045
8042
8128
8090
8124
8199
8200
8195
8204
8208
8131
8215
8205
8211
8122
8197
8212
8110
8080
8218
8119
8049
8099
8117
8219
8206
8079
8093
8165
8011
8229
8210
8053
8233
8228
8098
8222
8174
8231
8213
8241
8100
8106
8153
8162
8149
8196
8251
8147
8105
8237
8242
8037
8257
8187
8188
8193
8086
8176
8224
8265
8129
8137
8169
8264
8248
8255
8185
8189
8096
8163
8191
8186
8249
8267
8141
8259
8277
8282
8266
8154
8160
8171
8280
8180
8170
8284
8168
8296
8272
8190
8140
8118
8123
8121
8125
8279
8192
8101
8276
8177
8150
8201
8263
8289
8278
8300
8303
8312
8182
8173
8115
8181
8240
8207
8293
8220
8227
8235
8306
8295
8288
8324
8320
8223
8323
8236
8253
8250
8317
8311
8256
8310
8313
8217
8158
8336
8184
8334
8342
8315
8316
8167
8305
8348
8202
8088
8319
8175
8209
8330
8232
8221
8238
8338
8262
8350
8239
8361
8343
8326
8226
8363
8309
8214
8335
8369
8230
8367
8244
8355
8321
8358
8216
8331
8234
8292
8286
8245
8297
8376
8372
8364
8377
8327
8371
8349
8299
8379
8399
8373
8370
8291
8252
8393
8401
8283
8298
8380
8398
8357
8285
8328
8275
8274
8366
8243
8408
8391
8346
8378
8387
8314
8307
8308
8425
8260
8270
8422
8400
8246
8225
8329
8322
8431
8410
8352
8427
8432
8407
8302
8396
8409
8421
8359
8341
8426
8429
8353
8325
8437
8337
8332
8318
8258
8354
8381
8268
8294
8438
8417
8339
8414
8423
8375
8374
8444
8433
8450
8273
8247
8395
8254
8455
8445
8447
8448
8441
8452
8351
8439
8301
8462
8406
8344
8453
8394
8385
8449
8440
8451
8490
8405
8459
8362
8365
8461
8492
8477
8446
8368
8404
8460
8347
8382
8495
8345
8333
8467
8271
8482
8494
8290
8424
8483
8269
8281
8287
8356
8261
8456
8489
8485
8503
8474
8508
8488
8499
8304
8475
8384
8386
8388
8340
8486
8481
8524
8520
8397
8419
8505
8529
8418
8498
8383
8528
8360
8484
8519
8516
8543
8542
8514
8413
8457
8521
8548
8526
8532
8535
8517
8559
8527
8552
8428
8536
8480
8502
8411
8389
8469
8473
8534
8466
8554
8392
8506
8479
8415
8420
8551
8478
8468
8561
8573
8471
8545
8557
8390
8566
8416
8412
8487
8563
8509
8522
8458
8513
8564
8572
8436
8576
8434
8590
8454
8501
8402
8470
8570
8430
8472
8435
8596
8578
8546
8403
8465
8464
8580
8601
8476
8610
8584
8497
8569
8587
8463
8510
8443
8588
8614
8617
8609
8504
8538
8623
8622
8581
8511
8442
8626
8518
8537
8586
8592
8599
8597
8533
8530
8598
8627
8632
8549
8500
8646
8583
8638
8619
8507
8628
8565
8654
8631
8558
8615
8607
8593
8611
8594
8665
8636
8613
8620
8512
8496
8544
8668
8642
8515
8531
8653
8652
8672
8574
8556
8604
8547
8523
8562
8633
8667
8683
8589
8678
8657
8673
8661
8687
8612
8664
8618
8600
8560
8539
8550
8677
8697
8691
8582
8555
8553
8585
8577
8704
8575
8709
8640
8710
8616
8568
8712
8708
8716
8540
8605
8692
8541
8682
8579
8727
8706
8707
8720
8726
8701
8724
8567
8729
8650
8663
8674
8655
8660
8702
8700
8703
8728
8629
8731
8705
8634
8602
8525
8722
8625
8639
8693
8733
8491
8595
8658
8753
8608
8635
8735
8749
8745
8715
8659
8666
8690
8698
8762
8723
8718
8591
8662
8493
8744
8689
8644
8748
8759
8746
8741
8721
8734
8630
8699
8768
8773
8761
8750
8686
8651
8738
8779
8760
8775
8743
8782
8645
8783
8648
8778
8798
8679
8606
8784
8684
8802
8752
8571
8816
8641
8637
8793
8717
8675
8795
8624
8806
8797
8770
8817
8808
8643
8649
8656
8740
8813
8812
8830
8694
8803
8800
8827
8794
8777
8828
8774
8820
8696
8695
8833
8814
8826
8670
8685
8757
8835
8713
8603
8844
8767
8730
8791
8621
8737
8848
8769
8831
8785
8854
8843
8766
8845
8763
8714
8772
8680
8755
8829
8681
8751
8676
8832
8736
8647
8754
8857
8801
8847
8864
8870
8792
8839
8758
8846
8886
8862
8872
8877
8878
8840
8739
8882
8688
8671
8866
8824
8841
8861
8853
8815
8885
8874
8809
8907
8837
8865
8747
8889
8903
8909
8804
8742
8765
8787
8823
8776
8842
8799
8836
8789
8911
8719
8852
8856
8895
8834
8859
8780
8821
8897
8818
8790
8884
8756
8879
8922
8851
8850
8860
8869
8849
8908
8781
8771
8936
8913
8937
8890
8725
8811
8807
8953
8938
8942
8932
8952
8819
8893
8927
8940
8944
8867
8894
8810
8925
8732
8825
8788
8786
8891
8928
8858
8887
8868
8898
8930
8957
8921
8876
8959
8822
8970
8838
8796
8947
8955
8883
8969
8956
8961
8875
8976
8980
8988
8983
8935
8916
8991
8906
8978
8994
8997
8902
8914
8918
8971
8995
8899
8972
8990
8917
9006
8901
8929
8931
8920
8880
9008
9005
8805
8984
8943
8910
8900
9012
8888
8977
9017
8919
8871
9015
8863
8881
8939
9001
8992
9019
9018
9013
9007
8711
8941
9041
8934
8855
9028
8989
9043
9030
9039
9046
9038
8946
8982
8905
8764
8951
8949
9040
8896
8960
9054
9042
8933
8873
8958
8967
8973
9037
8945
8966
9058
9045
8948
9071
9062
9067
8912
9059
9073
9061
9060
9064
9063
9035
9022
9074
8915
8950
9085
9036
8926
9081
9002
8998
8974
8975
8892
8904
8986
9083
9076
9088
9034
9009
9000
9014
9105
9057
8924
8964
9051
9016
9075
9049
9033
9097
9106
9078
9101
9086
9110
9093
8954
9090
9079
9026
9025
9055
8963
9129
9094
8985
9119
9111
9048
9032
8981
9125
9131
9024
8993
9021
8968
9138
8923
9109
8999
9104
9120
9146
9130
8979
9004
9020
9136
9027
9133
9107
9010
9154
9098
9153
9053
9155
9118
9151
9160
9158
9163
9072
9082
9152
8996
9162
9069
9170
9087
9184
9164
9143
9174
9112
9171
9011
9044
8987
9102
8965
9103
9029
9096
9066
9065
9127
9003
9189
8962
9050
9031
9173
9188
9068
9167
9091
9121
9181
9187
9190
9113
9211
9126
9047
9208
9149
9217
9089
9095
9215
9157
9198
9148
9199
9221
9023
9117
9137
9052
9150
9114
9142
9132
9226
9223
9135
9122
9116
9115
9134
9224
9235
9084
9159
9123
9220
9099
9230
9080
9077
9232
9229
9147
9124
9100
9234
9156
9128
9244
9145
9257
9238
9144
9168
9237
9141
9252
9266
9182
9256
9169
9258
9245
9249
9273
9056
9216
9261
9070
9267
9213
9175
9140
9270
9186
9092
9246
9176
9254
9197
9264
9166
9172
9161
9240
9183
9165
9263
9178
9180
9233
9281
9204
9291
9108
9280
9290
9278
9139
9289
9251
9292
9177
9296
9284
9203
9300
9269
9277
9316
9247
6354
9185
9313
5902
9297
9308
9283
9315
9323
9324
9195
9193
9312
9332
9293
9218
9219
9194
9319
9179
9302
9330
9327
9206
9192
9318
9191
9207
9236
9241
9222
9335
9255
9202
9352
9321
9214
9310
9250
9265
9346
9329
9349
9294
9338
9205
9336
9328
9225
9201
9350
9227
9366
9339
9363
9243
9196
9364
9228
9362
9358
9361
9262
9253
9356
9345
9383
9200
9342
9259
9355
9209
9368
9379
9286
9260
9295
9275
9391
9271
9369
9210
9388
9272
9400
9287
9301
9307
9320
9393
9409
9382
9360
9397
9231
9298
9384
9343
9314
9306
9303
9378
9410
9407
9370
9390
9401
9311
9399
9285
9417
9395
9333
9248
9412
9268
9387
9423
9274
9239
9299
9430
9438
9212
9305
9325
9419
9322
9331
9411
9242
9337
9334
9282
9340
9426
9448
9422
9446
9304
9372
9326
9440
9359
9317
9394
9353
9421
9309
9279
9464
9456
9374
9347
9344
9415
9466
9351
9288
9357
9452
9472
9341
9367
9468
9486
9376
9427
9458
9480
9484
9385
9489
9398
9482
9389
9487
9475
9276
9467
9433
9403
9479
9474
9478
9473
9396
9462
9492
9418
9508
9493
9501
9453
9377
9413
9494
9506
9392
9386
9507
9380
9496
9505
9525
9529
9520
9365
9354
9348
9406
9536
9428
9461
9460
9432
9445
9528
9537
9485
9381
9371
9540
9404
9545
9373
9459
9533
9477
9539
9436
9470
9447
9443
9538
9471
9402
9429
9437
9535
9444
9521
9424
9408
9442
9557
9541
9481
9454
9571
9416
9544
9414
9439
9431
9502
9554
9375
9469
9582
9434
9566
9549
9451
9577
9465
9490
9450
9576
9580
9556
9463
9567
9585
9581
9562
9517
9488
9522
9499
9497
9495
9512
9592
9594
9491
9504
9405
9425
9435
9534
9603
9514
9420
9457
9531
9584
9524
9604
9510
9511
9588
9595
9596
9597
9613
9607
9532
9509
9602
9516
9608
9483
9548
9498
9627
9553
9513
9623
9586
9609
9593
9618
9622
9626
9614
9558
9560
9606
9633
9500
9630
9634
9550
9655
9546
9610
9641
9476
9631
9636
9555
9648
9518
9515
9658
9619
9455
9661
9563
9644
9652
9659
9647
9665
9598
9656
9543
9523
9670
9646
9570
9668
9519
9675
9574
9673
9669
9526
9678
9503
9601
9605
9573
9688
9687
9561
9615
9568
9527
9689
9530
9685
9693
9587
9639
9551
9591
9707
9552
9542
9589
9696
9578
9559
9572
9625
9705
9547
9579
9701
9629
9702
9621
9590
9638
9637
9720
9719
9717
9703
9599
9600
9564
9575
9727
9583
9569
9624
9617
9616
9632
9692
9441
9449
9724
9733
9662
9737
9731
9666
9660
9640
9682
9635
9734
9710
9729
9709
9730
9642
9741
9725
9745
9764
9653
9686
9711
9611
9722
9667
9620
9684
9680
9751
9704
9694
9777
9772
9643
9761
9664
9778
9743
9775
9752
9782
9765
9780
9773
9776
9762
9565
9756
9677
9789
9759
9628
9671
9763
9651
9690
9697
9783
9672
9774
9645
9728
9811
9714
9698
9791
9721
9799
9712
9612
9803
9798
9801
9810
9736
9716
9813
9817
9800
9723
9820
9796
9804
9758
9806
9795
9676
9649
9681
9699
9674
9825
9657
9683
9821
9814
9755
9748
9760
9808
9838
9679
9708
9715
9844
9732
9834
9750
9858
9767
9860
9735
9663
9823
9695
9754
9832
9739
9857
9771
9769
9865
9706
9749
9700
9815
9845
9784
9746
9691
9713
9835
9753
9836
9757
9744
9650
9766
9742
9848
9654
9785
9840
9871
9809
9880
9718
9882
9872
9856
9779
9726
9738
9878
9862
9790
9740
9788
9781
9863
9883
9877
9889
9886
9902
9912
9904
9859
9918
9847
9868
9829
9913
9839
9770
9903
9846
9905
9805
9907
9861
9747
9794
9786
9910
9876
9931
9928
9937
9818
8669
9936
9797
9828
9914
9802
9945
9942
9793
9768
9792
9944
9822
9843
9819
9812
9924
9852
9950
9875
9941
9929
9890
9866
9870
9949
9951
9824
9885
9956
9787
9958
9926
9957
9953
9946
9881
9969
9901
9830
9897
9864
9967
9974
9966
9955
9983
9979
9952
9919
9826
9965
9833
9975
9982
9816
9855
9909
9993
9851
9849
9879
9873
9837
9964
9850
9992
9999
9981
9997
9984
9994
9899
9922
10009
10006
10016
9854
9977
9853
9884
9869
9867
9887
9827
9989
9842
9927
9996
9933
10005
9990
9894
9891
9892
9900
10001
10000
9935
10023
9978
10010
10032
10021
9920
9911
9991
10031
10022
9893
9898
9921
10037
10020
9971
9954
10013
9923
10047
9948
10028
10012
10055
9940
10044
10019
9947
9960
9939
10045
10065
10056
10015
10046
9959
9980
9986
10036
10054
10075
10051
10066
10077
10071
9961
9988
9972
10087
10017
10086
9985
9973
10084
9995
10099
9963
10029
10002
9934
10082
10098
10050
10048
10097
10100
10101
10103
9968
10102
10007
10104
10027
9807
9831
10041
9888
10114
10035
9841
10121
9916
10052
9925
10093
9917
10122
10053
9896
9938
10034
10092
10078
10128
10049
9895
9908
9874
10108
9962
9943
10033
10018
9970
10043
10129
9976
9987
9915
10136
10115
10134
10067
9906
10069
10138
10061
10109
10146
10143
10040
10073
10130
10117
10155
10159
10074
10062
10081
10004
9930
10057
10139
10090
10154
10141
10014
10124
10025
10167
10026
10042
10162
10003
10170
10095
10132
10123
10176
10068
10161
10085
9932
10089
10133
10063
10157
10192
10158
10196
10168
10163
10202
10181
10059
10011
10024
10175
10060
10198
10111
10076
10064
10070
10197
10193
10008
10177
10194
10058
10191
10094
10183
10079
10190
10201
10083
10110
10039
10164
10178
10096
10116
10215
10072
10211
10204
10224
10227
10221
10222
10137
10112
10118
10233
10142
10106
10107
10214
10088
10235
10231
10030
10038
10151
10169
10228
10131
10148
10119
10218
10220
10160
10243
10256
10237
10120
10126
10171
10147
10259
10125
10248
10241
10254
10127
10153
10149
10258
10236
10272
10252
10267
10234
10145
10265
10135
10264
10270
10277
10249
10281
10152
10250
10166
10188
10182
10144
10268
10280
10273
10080
10279
10187
10261
10262
10260
10296
10173
10105
10305
10251
10302
10298
10091
10180
10313
10288
10184
10140
10316
10297
10292
10293
10290
10179
10309
10318
10317
10307
10310
10199
10325
10205
10303
10300
10291
10203
10113
10338
10320
10172
10328
10319
10189
10306
10336
10341
10312
10238
10331
10174
10330
10345
10247
10223
10156
10165
10326
10314
10209
10230
10186
10232
10208
10340
10210
10217
10207
10200
10206
10195
10360
10253
10358
10346
10216
10185
10327
10363
10349
10351
10362
10240
10339
10226
10244
10365
10289
10271
10219
10246
10379
10276
10213
10285
10366
10356
10380
10374
10150
10242
10245
10359
10382
10381
10266
10315
10383
10308
10225
10284
10388
10332
10372
10386
10311
10378
10255
10391
10364
10334
10282
10400
10274
10397
10392
10239
10323
10369
10407
10404
10287
10278
10283
10269
10295
10377
10355
10394
10275
10417
10257
10416
10421
10414
10426
10418
10301
10299
10294
10424
10329
10431
10333
10212
10263
10423
10321
10415
10393
10395
10367
10384
10425
10373
10442
10419
10370
10350
10429
10434
10430
10405
10286
10229
10432
10451
10348
10444
10353
10452
10440
10375
10361
10460
10449
10344
10441
10387
10447
10304
10337
10343
10459
10390
10354
10455
10466
10368
10399
10439
10396
10335
10465
10464
10322
10371
10443
10324
10409
10427
10483
10474
10357
10413
10389
10402
10467
10487
10480
10422
10352
10471
10385
10401
10347
10486
10376
10411
10494
10437
10342
10485
10484
10481
10476
10489
10438
10478
10428
10433
10436
10490
10507
10420
10515
10458
10457
10504
10505
10517
10406
10500
10445
10523
10446
10526
10456
10512
10462
10408
10522
10454
10533
10435
10510
10398
10463
10410
10535
10461
10513
10537
10531
10536
10552
10532
10529
10542
10538
10453
10559
10543
10492
10555
10546
10566
10473
10450
10448
10475
10549
10554
10403
10565
10479
10495
10493
10482
10488
10469
10412
10491
10582
10472
10509
10573
10470
10514
10583
10553
10498
10468
10477
10556
10562
10511
10591
10567
10593
10524
10501
10518
10599
10521
10502
10534
10603
10496
10506
10594
10497
10585
10590
10557
10499
10569
10575
10547
10595
10581
10601
10596
10611
10571
10576
10616
10589
10527
10560
10597
10530
10613
10541
10622
10539
10625
10519
10608
10617
10592
10508
10516
10626
10564
10578
10570
10620
10618
10629
10645
10630
10644
10503
10628
10544
10624
10563
10577
10540
10580
10558
10548
10525
10640
10652
10659
10600
10568
10572
10606
10619
10655
10633
10636
10653
10587
10658
10648
10662
10641
10670
10672
10615
10674
10666
10657
10661
10679
10676
10675
10631
10598
10669
10605
10677
10681
10671
10610
10584
10623
10602
10667
10690
10612
10588
10693
10551
10684
10647
10609
10698
10688
10697
10683
10627
10579
10574
10706
10646
10695
10702
10704
10561
10649
10699
10528
10550
10718
10707
10719
10545
10713
10668
10709
10720
10692
10634
10654
10643
10725
10712
10586
10703
10716
10729
10639
10614
10637
10621
10520
10686
10642
10604
10728
10701
10735
10740
10650
10736
10734
10607
10656
10731
10739
10682
10635
10744
10745
10732
10733
10748
10746
10651
10665
10742
10660
10737
10691
10638
10678
10717
10753
10714
10689
10664
10756
10752
10755
10705
10754
10632
10766
10721
10768
10711
10780
10775
10772
10743
10773
10710
10777
10776
10771
10763
10680
10694
10779
10696
10784
10789
10792
10781
10663
10786
10757
10724
10794
10803
10685
10759
10804
10761
10726
10807
10812
10673
10805
10723
10811
10749
10687
10824
10750
10765
10767
10715
10815
10816
10830
10782
10751
10838
10730
10827
10813
10785
10834
10727
10836
10774
10722
10851
10841
10833
10823
10778
10845
10801
10762
10852
10837
10842
10856
10855
10760
10738
10770
1937
10741
10747
10783
10848
10791
10863
10793
10847
10814
10862
10861
10866
10796
10769
10865
10877
10758
10798
10790
10764
10844
10818
10875
10879
10867
10700
10826
10881
10857
10799
10787
10809
10870
10808
10795
10864
10872
10829
10797
10883
10868
10889
10890
10843
10884
10831
10894
10902
10891
10821
10895
10806
10876
10822
10900
10899
10825
10819
10909
10810
10858
10849
10911
10896
10915
10904
10820
10802
10853
10828
10840
10832
10846
10918
10924
10906
10910
10860
10839
10893
10920
10928
10850
10788
10925
10887
10931
10932
10800
10922
10882
10939
10946
10944
10854
10835
10869
10874
10859
10871
10905
10945
10951
10817
10880
10873
10913
10949
10954
10961
10708
10908
10942
10953
10964
10970
10968
10921
10956
10903
10962
10965
10975
10966
10885
10916
10941
10897
10907
10919
10936
10973
10989
10979
10969
10995
10912
10886
10923
10988
10986
10878
11000
10898
10901
10999
10892
10926
10934
10960
11004
10914
10996
11007
10917
10997
10888
10933
10958
11003
10927
10947
10972
10943
10963
10950
11005
10937
10985
11014
10930
11012
11025
11016
11010
11011
11017
10983
10981
11030
11029
11034
11018
11028
11021
10982
11002
10994
10952
11022
11020
11032
11035
10938
10978
10976
10959
10980
10955
11001
10992
10984
10948
10991
11055
11046
10940
10957
10935
11048
11039
10974
11038
10971
11058
11040
11045
10993
11047
10967
11006
11026
10990
11031
11064
11033
11049
11077
10987
11083
11067
11082
11009
10977
11056
11051
11084
11062
11088
10998
11091
11066
11008
11015
11089
11053
11023
11043
11024
11059
11054
11037
11027
11042
11098
11104
11070
11106
11041
11080
11052
11095
11073
11105
11071
11097
11069
11036
11076
11112
11061
11115
11114
11108
11121
11057
11060
11050
11013
11117
11079
11122
11019
11111
11096
11074
11126
11137
11127
11068
11129
11087
11044
11136
11078
11063
11139
11081
11150
11147
11124
11086
11133
11149
11103
11143
11085
11151
11158
11140
10929
11155
11075
11072
11166
11113
11092
11161
11154
11163
11102
11157
11065
11144
11167
11116
11101
11099
11093
11100
11175
11110
11131
11168
11182
11107
11189
11186
11109
11138
11118
11178
11188
11128
11120
11090
11185
11123
11130
11119
11169
11193
11134
11194
11197
11187
11094
11135
11191
11203
11125
6899
11148
11146
11145
11141
11159
11180
11153
11183
11132
11156
11218
11142
11198
11214
11162
11204
11221
11208
11216
11196
11205
11211
11201
11220
11206
11226
11152
11164
11231
11229
11202
11170
11227
11209
11238
11241
11173
11230
11228
11174
11176
11165
11160
11243
11199
11232
11235
11239
11172
11254
11195
11210
11171
11200
11190
11266
11215
11212
11217
11213
11219
11271
11223
11224
11273
11184
11276
11258
11255
11225
11264
11265
11286
11263
11287
11234
11177
11288
11283
11275
11270
11192
11181
11295
11277
11298
11280
11250
11281
11278
11207
11302
11222
11233
11179
11306
11237
11292
11309
11247
11249
11267
11304
11282
11310
11318
11257
11285
11293
11236
11262
11300
11259
11272
11268
11242
11252
11321
11248
11327
11261
11269
11325
11245
11337
11297
11311
11290
11315
11335
11291
11251
11340
11323
11256
11339
11316
11349
11274
11336
11284
11312
11322
11246
11260
11240
11358
11279
11308
11347
11244
11343
11294
11253
11355
11303
11365
11346
11361
11314
11331
11334
11301
11369
11341
11319
11342
11372
11338
11324
11305
11317
11380
11313
11367
11328
11296
11326
11299
11389
11289
11388
11385
11379
11330
11394
11399
11332
11395
11353
11307
11400
11377
11409
11391
11390
11333
11386
11363
11371
11356
11357
11408
11364
11412
11344
11375
11403
11352
11401
11320
11354
11424
11348
11345
11368
11350
11378
11374
11362
11427
11383
11384
11432
11359
11398
11423
11437
11430
11373
11417
11452
11405
11396
11446
11433
11360
11387
11442
11381
11382
11402
11443
11410
11404
11351
11447
11445
11415
11370
11454
11420
11466
11329
11467
11463
11448
11411
11469
11462
11468
11471
11450
11421
11419
11413
11397
11414
11393
11485
11366
11451
11474
11418
11416
11429
11376
11481
11426
11436
11475
11406
11484
11407
11422
11490
11440
11434
11425
11504
11499
11431
11428
11495
11483
11488
11459
11502
11509
11503
11505
11516
11456
11511
11460
11512
11435
11449
11482
11458
11506
11497
11473
11461
11478
11514
11470
11522
11439
11472
11438
11453
11525
11518
11493
11392
11530
11444
11513
11455
11523
11476
11538
11457
11536
11515
11494
11524
11541
11492
11480
11529
11546
11557
11534
11540
11508
11526
11496
11542
11479
11500
11551
11535
11550
11547
11464
11544
11520
11498
11545
11566
11567
11491
11563
11519
11465
11501
11486
11572
11581
11564
11510
11528
11477
11570
11489
11487
11588
11521
11554
11578
11576
11533
11590
11568
11569
11532
11565
11575
11441
11517
11583
11577
11549
11603
11552
11527
11579
11609
11612
11614
11539
11507
11608
11556
11613
11611
11621
11616
11626
11622
11587
11585
11553
11592
11558
11555
11543
11531
11548
11625
11635
11591
11597
11601
11618
11573
11571
11596
11559
11627
11580
11606
11589
11586
11607
11560
11599
11656
11574
11651
11584
11582
11620
11537
11662
11633
11628
11644
11639
11562
11629
11643
11623
11561
11600
11667
11598
11593
11655
11679
11671
11673
11678
11650
11610
11604
11677
11602
11647
11617
11595
11670
11682
11690
11666
11641
11634
11630
11640
11664
11683
11663
11594
11619
11703
11688
11638
11705
11685
11696
11698
11642
11720
11716
11632
11605
11712
11707
11648
11645
11727
11657
11723
11653
11709
11718
11652
11661
11668
11631
11624
11676
11659
11649
11636
11660
11669
11733
11681
11743
11751
11615
11754
11734
11756
11637
11699
11760
11726
11753
11748
11755
11672
11757
11687
11658
11695
11758
11710
11761
11697
11691
11675
11684
11686
11654
11665
11768
11771
11767
11680
11777
11779
11766
11764
11646
11782
11692
11788
11776
11702
11773
11700
11786
11715
11762
11708
11787
11693
11725
11717
11770
11674
11794
11785
11713
11706
11795
11714
11732
11701
11689
11798
11742
11800
11799
11724
11735
11721
11728
11746
11796
11806
11813
11694
11738
11704
11797
11730
11722
11719
11814
11745
11759
11812
11809
11824
11749
11739
11819
11711
11729
11731
11737
11829
11744
11825
11835
4872
11827
11736
11830
11778
11837
11750
11842
11774
11781
11832
11838
11765
11807
11793
11789
11853
11810
11848
11769
11763
11804
11792
11833
11791
11818
11846
11847
11834
11851
11747
11865
11740
11861
11775
11808
11805
11860
11857
11868
11867
11863
11780
11801
11784
11790
11879
11772
11752
11816
11876
11803
11875
11891
11783
11831
11882
11895
11883
11889
11836
11821
11884
11903
11802
11841
11811
11815
11862
11896
11887
11901
11854
11885
11910
11921
11855
11817
11905
11843
11859
11870
11874
11924
11849
11935
11872
11931
11840
11826
11915
11933
11916
11856
11940
11828
11822
11936
11892
11938
11820
11939
11845
11873
11866
11949
11945
11951
11934
11869
11839
11923
11852
11890
11944
11871
11946
11937
11893
11955
11904
11844
11947
11952
11900
11953
11899
11823
11880
11906
11942
11970
11886
11966
11858
11902
11878
11850
11894
11898
11919
11897
11967
11918
11888
11957
11908
11877
11909
11989
11929
11913
11912
11977
11922
11978
11907
11994
11997
11969
11995
11925
11975
11972
12006
12000
11996
11980
11959
12010
11985
11979
11991
12020
11864
12015
12017
11992
12001
11998
12027
12013
11917
11954
11928
12023
11962
11948
12012
11988
12022
12021
12035
12034
11943
11963
12042
12026
12038
11960
11958
11920
11986
11930
11956
12041
11964
11927
11926
11950
11932
11961
12036
11982
12028
11941
11983
11911
12037
12051
12050
11914
12014
12040
12059
12032
11971
11999
12063
12018
12058
12039
12030
12043
12057
11968
11965
11973
12045
11974
11976
12064
12048
12076
12077
12005
12072
12074
12019
11981
12007
12060
12066
12088
12029
12002
12089
12095
11993
12091
11984
12011
12087
11987
12083
12090
12024
12071
12094
12004
12104
12108
12044
11990
12009
12092
12003
12008
12061
12110
12069
12112
12016
12054
12085
12049
12117
12103
12113
12046
12118
12119
12062
12115
12111
12125
12130
12133
12121
12052
12128
12081
12138
12025
12116
12055
12067
12068
12070
12078
12143
12047
12149
12106
12033
12065
12056
12141
12053
12147
12151
12129
12123
12145
12150
12031
12146
12073
12084
12124
12102
12152
12159
12097
12153
12131
12098
12101
12079
12109
12140
12170
12134
12163
12100
12114
12164
12178
12176
12166
12182
12179
12187
12168
12180
12127
12122
12190
12080
12184
12185
12189
12165
12186
12193
12202
12107
12142
12144
12199
12135
12191
12205
12120
12208
12194
12204
12188
12105
12148
12206
12161
12086
12096
12099
12214
12201
12209
12082
12093
12218
12126
12210
12162
12139
12155
12169
12229
12212
12224
12221
12132
12156
12225
12137
12217
11741
12222
12213
12241
12230
12240
12167
12235
12243
12207
12248
12254
12238
12250
12174
12175
12171
12177
12256
12239
12157
12075
12242
12247
12237
12246
12245
12262
12173
12261
12270
12251
12269
12233
12264
12274
12275
12232
12158
12273
12198
12267
12196
12181
12172
12195
12160
12203
12281
12234
12154
12284
12277
12231
12287
12200
12279
12285
12288
12226
12282
12219
12136
12192
12228
12253
12220
12294
12290
12283
12197
12216
12223
12304
12215
12299
12258
12183
12300
12295
12211
12271
12227
12306
12244
12298
12305
12249
12263
12308
12266
12312
12309
12296
12315
12310
12319
12293
12327
12316
12326
12257
12321
12260
12280
12332
12318
12324
12329
12336
12337
12265
12330
12236
12333
12272
12347
12252
12259
12341
12348
12345
12289
12276
12340
12255
12353
12354
12278
12301
12365
12356
12268
12292
12358
12355
12363
12307
12286
12367
12343
12364
12366
12380
12317
12297
12382
12372
12313
12362
12331
12369
12303
12325
12384
12368
12314
12323
12388
12339
12378
12404
12403
12379
12393
12346
11881
12405
12361
12396
12334
12408
12414
12398
12344
12322
12357
12370
12424
12416
12350
12423
12360
12376
12349
12374
12359
12421
12426
12342
12440
12432
12387
12435
12434
12442
12375
12415
12449
12429
12399
12394
12335
12439
12447
12452
12386
12459
12451
12448
12454
12389
12443
12351
12352
12311
12400
12320
12402
12461
12338
12460
12391
12438
12470
12373
12474
12467
12482
12425
12428
12291
12406
12473
12469
12455
12411
12463
12466
12418
12488
12437
12462
12484
12392
12381
12371
12490
12328
12377
12413
12417
12397
12479
12407
12302
12496
12450
12489
12441
12420
12390
12383
12430
12412
12385
12500
12395
12498
12494
12486
12506
12409
12499
12419
12410
12422
12505
12516
12401
12526
12502
12427
12476
12480
12514
12478
12485
12471
12534
12522
12527
12483
12446
12538
12472
12550
12464
12551
12552
12481
12436
12556
12492
12458
12549
12564
12563
12548
12491
12553
12431
12558
12445
12457
12554
12504
12542
12475
12572
12569
12570
12497
12523
12456
12511
12465
12541
12565
12493
12433
12574
12539
12477
12536
12528
12531
12444
12546
12576
12580
12510
12544
12530
12579
12595
12509
12543
12507
12453
12518
12577
12584
12557
12604
12525
12593
12537
12588
12545
12508
12468
12605
12535
12519
12512
12515
12571
12540
12520
12623
12610
12501
12575
12495
12524
12529
12626
12517
12621
12614
12622
12586
12633
12639
12503
12602
12618
12562
12559
12581
12532
12547
12521
12487
12578
12592
12651
12573
12656
12637
12649
12600
12513
12533
12661
12568
12561
12662
12585
12644
12642
12566
12667
12555
12589
12560
12658
12657
12672
12608
12587
12653
12664
12676
12627
12682
12650
12628
12646
12567
12583
12640
12693
12696
12607
12691
12683
12670
12688
12647
12686
12695
12612
12596
12629
12638
12634
12625
12606
12703
12709
12590
12654
12660
12643
12714
12603
12715
12619
12613
12598
12632
12611
12601
12615
12710
12665
12697
12631
12666
12717
12719
12722
12609
12671
12668
12624
12652
12712
12597
12594
12582
12677
12727
12616
12635
12645
12706
12641
12736
12713
12734
12716
12729
12730
12738
12630
12689
12735
12599
12698
12674
12617
12694
12655
12753
12751
12724
12749
12701
12675
12699
12746
12750
12758
12745
12636
12752
12673
12684
12759
12711
12755
12754
12678
12707
12681
12748
12762
12663
12669
12721
12764
12723
12740
12704
12772
12785
12761
12737
12783
12648
12726
12778
12763
12782
12725
12767
12742
12799
12739
12779
12659
12692
12687
12803
12680
12784
12679
12690
12718
12757
12776
12795
12708
12789
12794
12800
12807
12814
12809
12685
12802
12798
12788
12733
12812
12705
12834
12747
12824
12831
12732
12766
12806
12833
12760
12756
12743
12700
12829
12771
12804
12744
12818
12702
12801
12826
12741
12720
12836
12842
12780
12841
12811
12839
12728
12856
12731
12825
12851
12765
12861
12862
12815
12832
12860
12838
12859
12793
12791
12777
12773
12821
12872
12827
12781
12852
12871
12855
12768
12870
12817
12868
12876
12867
12881
12884
12874
12769
12840
12864
12797
12816
12885
12889
12893
12808
12837
12770
12835
12847
12830
12873
12775
12823
12890
12822
12906
12787
12903
12900
12858
12865
12911
12878
12774
12790
12908
12796
12844
12846
12853
12892
12905
12896
12869
12866
12828
12854
12792
12786
12810
12910
12848
12879
12843
12805
12909
12918
12899
12928
12819
12926
12912
12933
12883
12887
12929
12935
12940
12937
12888
12930
12891
12948
12946
12945
12845
12923
12952
12938
12956
12902
12813
12849
12820
12882
12953
12963
12877
12950
12857
12942
12914
12915
12875
12886
12964
12960
12966
12969
12898
12880
12907
12932
12922
12901
12894
12975
12850
12965
12921
12961
12920
12863
12986
12913
12970
12984
12981
12998
12979
12973
12897
12917
12939
12995
12990
12974
12944
12967
12924
12916
12934
12971
13001
12985
12895
12947
13011
12941
12999
12989
12959
13000
12972
12980
13024
13012
13015
13025
13028
13031
12978
12962
13023
12993
13004
12957
13030
13019
13033
13042
12951
12994
12931
12925
12976
13035
12991
13045
12919
12936
13022
13009
13018
12904
13037
13046
12955
12943
13032
13034
12987
13057
13052
13048
13044
12982
13050
13040
13058
13041
13067
12954
13038
13062
12968
12977
12949
12958
13056
13066
13006
13010
13007
13064
13017
12927
13026
13029
13002
13005
13071
13060
13072
13074
13076
13020
12988
13008
13021
12983
13078
13027
13013
13043
13085
13097
13003
13016
13053
13104
13084
13083
13093
13075
13068
13063
13092
13049
13107
13054
13088
12996
13086
13065
13111
13106
13114
13109
13081
13089
13112
13117
12997
13098
13108
13080
13122
12992
13014
13070
13110
13120
13130
13115
13119
13087
13077
13141
13135
13047
13142
13061
13134
13146
13051
13137
13157
13099
13156
13128
13096
13147
13155
13160
13145
13100
13138
13069
13154
13163
13105
13101
13165
13055
13151
13164
13082
13167
13166
13095
13079
13059
13073
13094
13152
13116
13039
13173
13162
13168
13113
13181
13180
13129
13185
13036
13188
13184
13176
13126
13190
13132
13175
13102
13103
13144
13201
13139
13090
13205
13194
13124
13203
13177
13127
13200
13149
13208
13118
13202
13091
13209
13215
13204
13140
13121
13227
13159
13178
13234
13211
13242
13150
13225
13169
13170
13136
13148
13239
13171
13235
13193
13131
13217
13195
13143
13256
13123
13174
13255
13161
13251
13257
13179
13250
13253
13254
13158
13125
13153
13260
13172
13266
13264
13261
13263
13265
13187
13133
13278
13243
13269
13206
13182
13272
13268
13226
13186
13280
13273
13282
13262
13189
13183
13271
13279
13275
13274
13233
13283
13221
13207
13291
13286
13296
13213
13285
13222
13270
13284
13297
13199
13302
13305
13306
13197
13229
13196
13303
13218
13191
13301
13293
13230
13310
13192
13219
13299
13232
13198
13212
13317
13223
13324
13321
13216
13220
13228
13241
13214
13311
13323
13292
13331
13329
13231
13340
13334
13236
13333
13249
13346
13339
13343
13330
13246
13237
13344
13328
13210
13332
13267
13348
13300
13347
13247
13349
13244
13351
13355
13238
13354
13307
13259
13252
13224
13363
13245
13240
13366
13370
13368
13288
13362
13313
13276
13364
13379
13353
13298
13385
13382
13312
13281
13304
13290
13248
13376
13381
13374
13294
13277
13380
13373
13392
13394
13390
13287
13398
13319
13406
13389
13336
13399
13314
13322
13341
13391
13402
13401
13393
13412
13309
13356
13404
13418
13295
13316
13327
13315
13428
13325
13289
13320
13335
13326
13338
13360
13371
13378
13426
13387
13337
13424
13432
13439
13442
13365
13358
13369
13345
13386
13308
13318
13440
13403
13352
13422
13448
13452
13396
13372
13342
13359
13361
13435
13377
13395
13357
13460
13367
13416
13446
13384
13430
13397
13443
13350
13431
13438
13405
13388
13457
13408
13455
13458
13415
13383
13434
13489
13466
13409
13468
13496
13464
13407
13494
13410
13423
13400
13414
13421
13483
13429
13427
13461
13486
13484
13420
13433
13478
13419
13413
13513
13479
13444
13474
13375
13527
13522
13463
13459
13514
13495
13497
13532
13417
13493
13492
13534
13541
13450
13531
13538
13505
13456
13507
13499
13543
13441
13535
13467
13547
13506
13411
13510
13517
13453
13454
13436
13485
13475
13524
13470
13521
13555
13508
13518
13425
13447
13528
13549
13558
13566
13559
13560
13519
13568
13480
13570
13525
13451
13562
13473
13573
13571
13516
13526
13487
13472
13445
13563
13491
13578
13501
13583
13567
13557
13582
13536
13579
13500
13469
13511
13481
13462
13540
13597
13572
13553
13584
13498
13509
13523
13502
13477
13594
13503
13593
13504
13550
13602
13515
13545
13611
13589
13533
13551
13530
13512
13529
13622
13476
13520
13580
13606
13629
13586
13620
13465
13537
13471
13637
13575
13544
13539
13644
13437
13569
13449
13482
13587
13626
13490
13556
13631
13488
13590
13548
13625
13552
13646
13634
13565
13645
13542
13667
13652
13662
13658
13673
13647
13665
13643
13677
13680
13670
13564
13591
13581
13633
13660
13672
13561
13668
13653
13554
13576
13678
13675
13592
13601
13689
13671
13692
13693
13681
13585
13574
13615
13605
13641
13695
13686
13661
13546
13687
13612
13628
13595
13577
13613
13705
13702
13630
13610
13609
13718
13616
13627
13654
13703
13674
13650
13607
13724
13725
13708
13713
13684
13651
13720
13717
13619
13701
13657
13722
13608
13690
13599
13737
13632
13741
13640
13642
13731
13604
13618
13666
13669
13636
13664
13663
13736
13679
13706
13638
13694
13755
13648
13704
13753
13726
13655
13649
13621
13596
13762
13617
13635
13764
13756
13600
13688
13656
13598
13739
13697
13759
13639
13763
13603
13752
13685
13710
13730
13758
13696
13682
13700
13760
13683
13676
13766
13768
13659
13712
13711
13624
13723
13691
13614
13728
13777
13757
13714
13699
13623
13698
13742
13721
13778
13715
13773
13588
13781
13784
13767
13787
13716
13734
13788
13792
13789
13776
13744
13782
13747
13707
13709
13727
13793
13738
13800
13729
13746
13748
13795
13740
13750
13770
13803
13735
13743
13804
13807
13761
13818
13808
13798
13719
13825
13817
13769
13745
13820
13822
13805
13783
13816
13834
13813
13799
13826
13810
13835
13828
13809
13751
13791
13772
13829
13794
13849
13774
13838
13830
13853
13842
13765
13780
13852
13860
13833
13844
13851
13811
13733
13779
13796
13749
13790
13858
13827
13802
13874
13863
13775
13878
13882
13867
13847
13786
13812
13732
13754
13857
13819
13871
13797
13824
13841
13843
13876
13785
13831
13890
13886
13885
13880
13771
13872
13823
13832
13801
13899
13821
13898
13815
13848
13891
13905
13916
13912
13894
13911
13913
13839
13837
13814
13896
13921
13836
13806
13908
13865
13918
13850
13846
13925
13922
13854
13859
13926
13933
13840
13866
13919
13868
13864
13855
13928
13929
13888
13897
13879
13881
13930
13889
13949
13941
13883
13950
13861
13862
13956
13884
13948
13870
13952
13960
13951
13903
13958
13856
13957
13873
13943
13942
13963
13962
13875
13947
13966
13945
13961
13869
13887
13900
13973
13901
13895
13893
13923
13906
13972
13877
13917
13975
13970
13892
13968
13982
13907
13984
13927
13936
13914
13904
13985
13981
13980
13924
13993
13910
14001
13999
13995
13996
13931
13986
13987
13991
13902
13932
13939
13976
14000
13909
14005
14015
14009
13979
6078
14014
14012
13938
13955
13997
13915
14013
14011
13964
13920
14017
14020
14010
13934
13971
14018
13944
13937
14032
14033
13940
14023
13946
13954
14026
14039
13967
13978
14028
13974
13953
14052
13988
14042
13969
14048
14051
13990
13935
14019
14056
13998
14049
14065
14044
13989
14068
14074
14064
14058
14073
13965
14038
13983
14075
14078
14076
14007
14067
14043
14024
14037
13994
14094
14004
14003
14090
14089
14054
14035
14036
14092
14077
14091
14016
13959
14086
13992
14088
14034
14006
14002
14093
13977
14108
14109
14100
14105
14055
14031
14040
14027
14025
14098
14107
14053
14111
14022
14008
14059
14120
14061
14116
14041
14123
14030
14124
14122
14115
14045
14125
14062
14110
14079
14117
14118
14057
14083
14050
14130
14080
14046
14066
14139
14070
14072
14069
14126
14127
14136
14147
14047
14087
14084
14085
14096
14099
14071
14128
14150
14144
14129
14134
14153
14149
14097
14168
14133
14158
14145
14142
13845
14162
14021
14060
14148
14082
14119
14081
14101
14135
14160
14114
14106
14180
14163
14159
14095
14188
14154
14155
14104
14131
14198
14191
14179
14170
14197
14194
14202
14113
14103
14146
14185
14193
14121
14102
14201
14137
14112
14215
14187
14192
14140
14184
14220
14204
14152
14216
14209
14223
14173
14199
14138
14221
14132
14157
14226
14229
14166
14231
14151
14222
14141
14156
14206
14219
14165
14164
14244
14238
14167
14248
14228
14175
14232
14236
14143
14234
14241
14169
14171
14253
14245
14233
14251
14263
14161
14178
14264
14237
14182
14200
14181
14259
14190
14268
14267
14273
14262
14258
14196
14256
14260
14265
14278
14257
14271
14235
14289
14176
14211
14261
14208
14277
14177
14186
14255
14280
14290
14183
14292
14300
14227
14214
14210
14212
14172
14310
14243
14302
14239
14189
14305
14288
14195
14249
14174
14269
14252
14307
14242
14250
14297
14213
14316
14207
14322
14205
14317
14224
14318
14319
14240
14321
14217
14298
14247
14311
14327
14308
14230
14306
14225
14329
14203
14332
14266
14274
14320
14218
14313
14335
14328
14338
14270
14246
14281
14334
14254
14331
14323
14350
14344
14279
14341
14351
14340
14348
14355
14291
14283
14294
14353
14286
14333
14358
14349
14295
14339
14284
14356
14326
14347
14282
14363
14365
14366
14371
14276
14376
14272
14285
14275
14372
14374
14337
14368
14315
14361
14324
14299
14287
14382
14369
14375
14301
14336
14389
14386
14312
14293
14364
14392
14388
14309
14377
14330
14393
14380
14314
14303
14394
14325
14417
14415
14404
14413
14296
14406
14405
14373
14400
14304
14409
14412
14401
14399
14360
14429
14362
14384
14420
14414
14432
14343
14367
14357
14440
14438
14342
14425
14449
14427
14451
14436
14359
14456
14352
14385
14442
14397
14461
14370
14445
14459
14434
14387
14346
14443
14462
14457
14396
14391
14378
14468
14458
14383
14475
14411
14403
14487
14345
14482
14478
14464
14354
14452
14418
14395
14407
14390
14398
14433
14431
14439
14423
14379
14467
14491
14381
14416
14498
14497
14489
14486
14450
14501
14513
14454
14419
14516
14488
14480
14448
14430
14499
14483
14428
14527
14517
14455
14529
14408
14410
14490
14426
14402
14472
14528
14471
14526
14465
14422
14421
14511
14531
14469
14524
14437
14545
14543
14553
14424
14536
14485
14444
14540
14552
14522
14496
14525
14463
14518
14521
14557
14479
14533
14563
14495
14537
14509
14494
14549
14492
14502
14551
14435
14510
14575
14446
14505
14460
14484
14507
14477
14519
14504
14577
14506
14473
14481
14470
14532
14559
14535
14534
14503
14508
14520
14585
14592
14514
14565
14580
14530
14447
14576
14441
14569
14584
14578
14564
14063
14562
14523
14594
14605
14474
14476
14453
14587
14542
14515
14595
14610
14566
14612
14555
14493
14548
14466
14568
14588
14634
14574
14538
14615
14541
14621
14560
14620
14618
14641
14554
14593
14539
14572
14581
14512
14647
14500
14561
14645
14625
14544
14643
14638
14558
14622
14636
14623
14582
14655
14556
14591
14608
14570
14547
14597
14644
14628
14611
14571
14546
14550
14656
14658
14567
14667
14579
14573
14606
14598
14669
14599
14646
14583
14604
14609
14590
14613
14607
14586
14617
14678
14662
14676
14680
14600
14679
14670
14626
14668
14675
14630
14664
14639
14666
14616
14633
14627
14624
14691
14632
14672
14705
14635
14603
14690
14659
14589
14601
14702
14614
14712
14642
14698
14699
14704
14651
14629
14648
14708
14710
14665
14714
14631
14663
14640
14682
14653
14650
14602
14701
14649
14619
14637
14660
14735
14671
14718
14654
14596
14741
14673
14717
14687
14721
14724
14695
14716
14722
14677
14652
14747
14746
14719
14748
14754
14700
14758
14743
14736
14730
14734
14767
14769
14751
14723
14674
14752
14759
14753
14726
14745
14763
14709
14771
14728
14732
14775
14686
14661
14681
14739
14762
14773
14782
14780
14693
14694
14685
14697
14794
14778
14696
14740
14689
14770
14684
14790
14797
14795
14727
14749
14720
14657
14683
14703
14692
14706
14788
14688
14781
14707
14711
14760
14757
14729
14731
14817
14776
14738
14742
14764
14810
14774
14725
14744
14816
14828
14825
14823
14750
14755
14713
14822
14833
14715
14831
14765
14756
14837
14766
14733
14804
14844
14796
14842
14737
14852
14851
14836
14768
14859
14848
14847
14860
14779
14855
14862
12591
14793
14849
14843
14783
14805
14787
14876
14761
14832
14870
14789
14854
14821
14791
14866
14877
14869
14819
14864
14814
14809
14786
14830
14777
14868
14873
14801
14882
14883
14858
14880
14811
14824
14826
14785
14813
14891
14802
14874
14808
14815
14878
14792
14888
14798
14893
14889
14799
14772
14872
14812
14899
14807
14827
14818
14885
14784
14903
14909
14911
14901
14829
14900
14896
14895
14838
14800
14886
14806
14913
14907
14915
14927
14841
14853
14861
14865
14920
14856
14835
14845
14820
14846
14917
14922
14910
14803
14905
14857
14834
14840
14923
14894
14932
14839
14937
14944
14850
14929
14930
14936
14928
14863
14946
14957
14902
14955
14950
14959
14954
14948
14871
14890
14966
14898
14884
14958
14867
14945
14963
14952
14970
14881
14892
14965
14887
14969
14912
14960
14879
14972
14919
14975
14904
14967
14989
14974
14875
12620
14990
14973
14980
14926
14968
14941
14906
14995
14977
14961
14908
15000
15008
15003
14921
14925
14938
14914
14991
14985
14988
15017
15011
14897
14949
14981
14935
14931
14986
14953
14924
15012
14992
15002
15015
14947
15001
14940
14998
14934
15029
15028
14933
14951
14978
14943
15006
14971
14942
14962
15021
14999
14997
14916
14987
14976
14984
15041
15052
15039
15033
15060
14964
15049
15004
15042
15026
15050
15020
15058
14918
15005
15067
15010
15048
14956
15045
14993
15069
14983
15044
15061
15070
15043
15053
15072
15047
15055
14982
15073
15056
15022
15014
14996
15086
15071
14939
15082
15031
15007
15087
15096
15080
15024
15076
15018
15090
15074
14994
15009
15092
15019
14979
15027
15032
15013
15016
15112
15105
15066
15059
15038
15054
15057
15023
15116
15040
15118
15115
15110
15106
15122
15104
15114
15109
15030
15036
15025
15113
15037
15034
15035
15051
15120
15111
15064
15078
15133
15121
15139
15125
15128
15141
15140
15146
15103
15065
15134
15062
15063
15081
15130
15075
15097
15126
15159
15094
15079
15091
15089
15098
15167
15099
15162
15088
15084
15046
15165
15100
15068
15176
15107
15158
15102
15101
15093
15085
15117
15131
15180
15095
15161
15145
15169
15142
15187
15077
15175
15135
15177
15163
15195
15194
15138
15181
15188
15179
15186
15203
15108
15190
15150
15152
15157
15143
15136
15209
15189
15170
15129
15156
15124
15210
15220
15174
15149
15213
15132
15127
15151
15123
15214
15155
15119
15184
15199
15182
15208
15197
15222
15178
15223
15164
15217
15211
15234
15219
15233
15215
15239
15192
15144
15230
15216
15196
15205
15236
15191
15247
15250
15241
15207
15168
15242
15246
15232
15244
15198
15183
15248
15154
15172
15193
15171
15249
15202
15229
15218
15266
15083
15274
15255
15147
15166
15254
15173
15185
15227
15265
15260
15148
15137
15271
15226
15238
15221
15206
15160
15235
15270
15263
15289
15225
15253
15283
15231
15212
15204
15200
15201
15267
15298
15268
15288
15240
15224
15294
15281
15287
15302
15245
15312
15256
15237
15259
15264
15251
15297
15261
15291
15273
15257
15296
15228
15276
15278
15272
15301
15320
15308
15331
15311
15292
15339
15325
15277
15322
15344
15290
15285
15243
15345
15343
15258
15346
15334
15329
15318
15279
15286
15282
15275
15341
15323
15359
15295
15321
15303
15342
15365
15269
15262
15363
15355
15300
15305
15377
15280
15299
15284
15252
15368
15354
15388
15389
15385
15306
15358
15380
15309
15398
15404
15401
15335
15397
15293
15369
15362
15327
15348
15383
15319
15406
15350
15330
15392
15314
15416
15307
15411
15338
15361
15374
15418
15422
15408
15316
15340
15386
15384
15352
15371
15351
15423
15336
15328
15395
15390
15373
15417
15313
15435
15357
15304
15332
15353
15326
15453
15403
15440
15337
15460
15468
15461
15381
15432
15442
15324
15472
15356
15410
15415
15407
15470
15457
15315
15333
15379
15376
15394
15393
15378
15462
15487
15466
15375
15364
15360
15402
15317
15475
15480
15391
15486
15481
15382
15429
15427
15400
15473
15409
15413
15477
15436
15370
15492
15420
15483
15419
15421
15484
15387
15399
15503
15515
15450
15366
15508
15437
15500
15434
15396
15513
15367
15412
15433
15438
15347
15518
15414
15405
15372
15454
15533
15512
15441
15535
15455
15458
15516
15482
15495
15431
15428
15538
15478
15539
15474
15479
15449
15530
15424
15445
15502
15485
15456
15524
15494
15497
15496
15426
15547
15349
15557
15490
15531
15452
15467
15517
15562
15444
15469
15498
15425
15564
15446
15447
15488
15549
15540
15439
15464
15430
15506
15505
15499
15544
15577
15573
15463
15581
15443
15569
15501
15514
15451
15591
15545
15567
15511
15476
15574
15559
15510
15582
15489
15566
15465
15459
15565
15599
15448
15601
15588
15596
15600
15594
15605
15584
15593
15471
15579
15602
15603
15614
15598
15527
15523
15616
15619
15537
15606
15509
15607
15551
15507
15552
15617
15528
15525
15618
15621
15612
15491
15522
15554
15536
15629
15571
15634
15493
15555
15625
15623
15570
15632
15561
15532
15556
15626
15630
15553
15645
15647
15575
15646
15586
15635
15661
15520
15529
15519
15650
15548
15526
15546
15657
15644
15597
15504
15656
15589
15568
15576
15541
15655
15648
15550
15671
15558
15651
15637
15653
15583
15572
15667
15664
15560
15578
15658
15662
15592
15521
15595
15590
15543
15563
15660
15669
15628
15534
15676
15665
15585
15683
15679
15685
15663
15672
15684
15542
15690
15611
15587
15633
15624
15694
15686
15689
15693
15627
15705
15699
15642
15698
15580
15695
15604
15610
15724
15711
15712
15649
15636
15720
15613
15670
15719
15640
15727
15729
15608
15723
15728
15739
15639
15713
15641
15732
15744
15631
15620
15751
15737
15750
15716
15638
15721
15730
15659
15748
15759
15622
15674
15745
15755
15691
15643
15758
15609
15615
15756
15763
15677
15681
15682
15757
15673
15765
15680
15654
15766
15777
15771
15696
15708
15764
15784
15710
15692
15785
15706
15717
15701
15678
15666
15772
15790
15767
15652
15770
15779
15687
15791
15675
15782
15778
15668
15792
15796
15793
15709
15804
15714
15801
15707
15740
15703
15800
15798
15803
15810
15799
15688
15718
15797
15697
15747
15752
15738
15743
15821
15702
15806
15805
15807
15818
15760
15762
15731
15749
15832
15733
15722
15812
15795
15734
15704
15741
15836
15789
15819
15829
15768
15726
15834
15700
15837
15835
15838
15725
15776
15761
15823
15845
15846
15840
15814
15715
15850
15843
15753
15746
15852
15844
15860
15735
15742
15854
15849
15769
15775
15736
15817
15861
15866
15802
15870
15864
15826
15809
15774
15847
15868
15869
15780
15867
15794
15874
15873
15857
15815
15825
15816
15773
15880
15830
15848
15831
15879
15872
15877
15888
15884
15875
15754
15881
15862
15851
15894
15886
15899
15822
15889
15783
15897
15895
15904
15898
15786
15902
15787
15890
15903
15841
15808
15916
15853
15839
15924
15915
15876
15820
15921
15788
9998
15907
15824
15828
15827
15928
15929
15923
15931
15936
15833
15781
15934
15925
15926
15811
15865
15927
15942
15937
15893
15859
15905
15945
15871
15912
15955
15863
15906
15920
15938
15947
15944
15911
15856
15885
15960
15883
15950
15953
15958
15909
15965
15878
15900
15974
15977
15973
15813
15930
15963
15969
15956
15901
15908
15913
15917
15979
15992
15964
15882
15946
15989
15892
15975
15855
15993
15961
15970
15980
15891
16001
15910
15985
15940
15935
15932
15976
15987
15990
15858
15933
15887
15995
16007
15941
15918
15962
15949
15954
15922
15919
15952
16005
15896
15967
15966
15943
15842
15951
15971
15914
15997
15978
15983
15959
15986
15972
15999
15939
15948
15998
15981
15994
15982
15984
16009
15988
16004
15991
16006
16002
15957
15968
16000
16008
16003
15996
13258
14029
15310
15153
